034559#(-0.49, 1.41, -1.65)#(0.14562, 0.17614, -0.01462, 0.97342)
034600#(-0.55, 1.40, -1.76)#(0.04713, 0.13453, -0.02302, 0.98952)
034601#(-0.50, 1.37, -1.79)#(0.12480, 0.14393, -0.03183, 0.98117)
034602#(-0.47, 1.35, -1.79)#(0.12932, 0.15066, -0.05497, 0.97855)
034603#(-0.44, 1.33, -1.69)#(0.18677, 0.16594, -0.04975, 0.96701)
034604#(-0.42, 1.33, -1.67)#(0.14454, 0.26779, -0.07590, 0.94954)
034605#(-0.16, 1.31, -1.51)#(0.18779, 0.26626, -0.07106, 0.94276)
034606#(0.00, 1.33, -1.20)#(0.14864, 0.32532, -0.07950, 0.93046)
034607#(0.15, 1.39, -0.86)#(0.10739, 0.34286, -0.02635, 0.93285)
034608#(0.12, 1.41, -0.55)#(0.07638, 0.43568, -0.04050, 0.89594)
034609#(0.17, 1.45, -0.52)#(0.05388, 0.45295, -0.04334, 0.88885)
034610#(0.18, 1.44, -0.48)#(0.05064, 0.45795, -0.04904, 0.88618)
034611#(0.35, 1.43, -0.39)#(0.04002, 0.47192, -0.03723, 0.87995)
034612#(0.31, 1.44, -0.45)#(0.03654, 0.41309, -0.05250, 0.90844)
034613#(-0.02, 1.38, -1.19)#(0.12502, 0.10502, 0.00304, 0.98658)
034614#(-0.09, 1.39, -1.62)#(0.13924, 0.03373, -0.02183, 0.98944)
034615#(-0.20, 1.37, -1.66)#(0.15386, 0.00893, 0.00106, 0.98805)
034616#(-0.20, 1.37, -1.64)#(0.15970, 0.05799, -0.00722, 0.98543)
034617#(-0.18, 1.36, -1.64)#(0.16080, 0.12304, -0.02251, 0.97903)
034618#(-0.08, 1.31, -1.50)#(0.20127, 0.26666, -0.07752, 0.93935)
034619#(0.20, 1.24, -1.05)#(0.25061, 0.44116, -0.17122, 0.84454)
034620#(0.30, 1.48, -0.79)#(0.04584, 0.43673, -0.00636, 0.89840)
034621#(0.25, 1.49, -0.71)#(0.05165, 0.41426, -0.01378, 0.90859)
034622#(0.23, 1.48, -0.75)#(0.05279, 0.39680, -0.02484, 0.91605)
034623#(0.24, 1.49, -0.74)#(0.03680, 0.40589, -0.02220, 0.91291)
034624#(0.13, 1.46, -0.57)#(0.06782, 0.25719, -0.03911, 0.96319)
034625#(0.03, 1.47, -0.20)#(0.08697, 0.13828, -0.00716, 0.98654)
034626#(-0.22, 1.43, 0.16)#(0.13609, 0.13262, -0.02403, 0.98148)
034627#(-0.30, 1.34, 0.41)#(0.15466, -0.02430, 0.00409, 0.98766)
034628#(-0.32, 1.31, 0.56)#(0.15987, -0.02312, 0.00923, 0.98682)
034629#(-0.33, 1.31, 0.58)#(0.13517, -0.02704, 0.00814, 0.99042)
034630#(-0.31, 1.31, 0.57)#(0.11672, -0.00532, -0.00571, 0.99313)
034631#(-0.30, 1.31, 0.54)#(0.12035, 0.02397, -0.01860, 0.99227)
034632#(-0.26, 1.34, 0.22)#(0.15673, -0.11434, -0.00580, 0.98098)
034633#(-0.35, 1.31, 0.15)#(0.27423, -0.32584, 0.11997, 0.89679)
034634#(-0.34, 1.27, 0.10)#(0.33563, -0.45649, 0.23625, 0.78940)
034635#(-0.38, 1.27, 0.07)#(0.32556, -0.46870, 0.22138, 0.79077)
034636#(-0.35, 1.27, 0.11)#(0.32934, -0.44572, 0.18403, 0.81179)
034637#(-0.32, 1.29, 0.12)#(0.30939, -0.44235, 0.16129, 0.82619)
034638#(-0.32, 1.29, 0.12)#(0.30253, -0.45045, 0.15243, 0.82603)
034639#(-0.32, 1.29, 0.12)#(0.29730, -0.44399, 0.14694, 0.83240)
034640#(-0.32, 1.28, 0.00)#(0.27581, -0.53662, 0.19265, 0.77386)
034641#(-0.32, 1.28, -0.01)#(0.26268, -0.56094, 0.18541, 0.76287)
034642#(-0.27, 1.29, -0.07)#(0.29866, -0.60250, 0.16283, 0.72200)
034643#(-0.32, 1.26, -0.51)#(0.31698, -0.43193, 0.14371, 0.83205)
034644#(-0.17, 1.28, -0.86)#(0.36616, -0.23951, 0.06944, 0.89652)
034645#(-0.31, 1.25, -1.05)#(0.40270, -0.11930, 0.03304, 0.90692)
034646#(-0.40, 1.22, -1.05)#(0.44371, -0.15892, 0.07270, 0.87897)
034647#(-0.43, 1.21, -1.06)#(0.45921, -0.17226, 0.10605, 0.86499)
034648#(-0.45, 1.21, -1.06)#(0.45381, -0.20059, 0.11520, 0.86055)
034649#(-0.48, 1.22, -1.06)#(0.43515, -0.24970, 0.12122, 0.85651)
034650#(-0.45, 1.22, -1.05)#(0.43520, -0.21976, 0.09878, 0.86750)
034651#(-0.44, 1.22, -1.03)#(0.43588, -0.20583, 0.08517, 0.87200)
034652#(-0.34, 1.28, -1.01)#(0.42758, -0.17325, 0.07864, 0.88373)
034653#(-0.31, 1.31, -1.02)#(0.37615, -0.15481, 0.04981, 0.91217)
034654#(-0.34, 1.31, -1.03)#(0.37784, -0.20011, 0.05250, 0.90246)
034655#(-0.35, 1.32, -1.02)#(0.35587, -0.27979, 0.07760, 0.88828)
034656#(-0.33, 1.41, -0.98)#(0.20816, -0.42055, 0.12813, 0.87372)
034657#(-0.35, 1.38, -0.72)#(0.22927, -0.38760, 0.12394, 0.88422)
034658#(-0.29, 1.37, -0.19)#(0.23123, -0.45382, 0.15461, 0.84657)
034659#(-0.46, 1.38, 0.06)#(0.18476, -0.52959, 0.18714, 0.80646)
034700#(-0.47, 1.37, 0.12)#(0.19466, -0.53934, 0.17614, 0.80013)
034701#(-0.43, 1.37, 0.12)#(0.19154, -0.56861, 0.16516, 0.78276)
034702#(-0.42, 1.37, 0.11)#(0.18889, -0.57622, 0.16478, 0.77791)
034703#(-0.43, 1.38, 0.11)#(0.17795, -0.57738, 0.15928, 0.78077)
034704#(-0.43, 1.38, 0.11)#(0.17504, -0.58212, 0.15933, 0.77789)
034705#(-0.43, 1.38, 0.12)#(0.17438, -0.58123, 0.15853, 0.77887)
034706#(-0.42, 1.38, 0.11)#(0.18170, -0.56129, 0.16336, 0.79073)
034707#(-0.40, 1.39, 0.14)#(0.18888, -0.50559, 0.13993, 0.83013)
034708#(-0.25, 1.31, 0.39)#(0.34049, -0.13289, 0.06391, 0.92861)
034709#(-0.25, 1.26, 0.59)#(0.41185, -0.08471, 0.05893, 0.90539)
034710#(-0.32, 1.28, 0.65)#(0.38728, -0.04054, 0.05328, 0.91953)
034711#(-0.31, 1.28, 0.65)#(0.39850, -0.07246, 0.04925, 0.91297)
034712#(-0.36, 1.30, 0.47)#(0.32404, -0.38313, 0.12507, 0.85590)
034713#(-0.39, 1.38, 0.14)#(0.18250, -0.67870, 0.15593, 0.69408)
034714#(-0.39, 1.38, 0.12)#(0.17356, -0.69209, 0.17060, 0.67955)
034715#(-0.39, 1.38, 0.13)#(0.16398, -0.69728, 0.16421, 0.67819)
034716#(-0.40, 1.39, 0.15)#(0.16433, -0.68407, 0.15613, 0.69330)
034717#(-0.40, 1.39, 0.17)#(0.16765, -0.65219, 0.16041, 0.72167)
034718#(-0.28, 1.39, 0.37)#(0.20309, -0.39670, 0.12972, 0.88575)
034719#(-0.34, 1.40, 0.43)#(0.20754, -0.11977, 0.03807, 0.97012)
034720#(-0.31, 1.44, 0.40)#(0.17024, -0.08980, 0.05608, 0.97970)
034721#(-0.28, 1.54, 0.38)#(0.05793, -0.02114, 0.05833, 0.99639)
034722#(-0.28, 1.52, 0.38)#(0.07399, -0.00384, 0.05187, 0.99590)
034723#(-0.29, 1.52, 0.39)#(0.07915, -0.03196, 0.06895, 0.99396)
034724#(-0.30, 1.51, 0.40)#(0.09454, -0.07185, 0.06395, 0.99086)
034725#(-0.29, 1.51, 0.39)#(0.07511, -0.06362, 0.04913, 0.99393)
034726#(-0.29, 1.51, 0.39)#(0.07354, -0.06193, 0.04517, 0.99434)
034727#(-0.28, 1.51, 0.39)#(0.07454, -0.05228, 0.04475, 0.99484)
034728#(-0.25, 1.39, 0.38)#(0.27097, -0.00110, 0.03511, 0.96195)
034729#(-0.27, 1.40, 0.37)#(0.22911, -0.03230, 0.04434, 0.97185)
034730#(-0.35, 1.35, 0.38)#(0.29510, -0.11963, 0.06025, 0.94603)
034731#(-0.37, 1.28, 0.63)#(0.37385, -0.06079, 0.01677, 0.92534)
034732#(-0.45, 1.22, 0.70)#(0.44111, -0.21184, 0.08526, 0.86791)
034733#(-0.47, 1.21, 0.70)#(0.45829, -0.26212, 0.10540, 0.84271)
034734#(-0.46, 1.21, 0.71)#(0.45224, -0.25778, 0.10079, 0.84786)
034735#(-0.45, 1.21, 0.72)#(0.45500, -0.23301, 0.09230, 0.85450)
034736#(-0.37, 1.19, 0.72)#(0.51061, -0.15445, 0.08691, 0.84135)
034737#(-0.33, 1.18, 0.70)#(0.47016, -0.13798, 0.04959, 0.87032)
034738#(-0.32, 1.17, 0.71)#(0.43223, -0.13026, 0.00873, 0.89226)
034739#(-0.31, 1.17, 0.72)#(0.43348, -0.11894, 0.00011, 0.89328)
034740#(-0.31, 1.18, 0.71)#(0.42773, -0.10637, -0.00776, 0.89759)
034741#(-0.29, 1.17, 0.70)#(0.43248, -0.08002, -0.04517, 0.89695)
034742#(-0.35, 1.19, 0.71)#(0.41025, -0.12645, -0.03436, 0.90251)
034743#(-0.36, 1.20, 0.69)#(0.40965, -0.12461, -0.03042, 0.90318)
034744#(-0.37, 1.21, 0.69)#(0.42020, -0.11098, -0.01699, 0.90046)
034745#(-0.36, 1.21, 0.68)#(0.42122, -0.09670, -0.02455, 0.90145)
034746#(-0.25, 1.20, 0.64)#(0.43544, 0.06051, -0.08747, 0.89391)
034747#(-0.18, 1.19, 0.64)#(0.41511, 0.11878, -0.11933, 0.89406)
034748#(-0.17, 1.20, 0.63)#(0.40497, 0.13420, -0.11698, 0.89683)
034749#(-0.16, 1.21, 0.62)#(0.39416, 0.15759, -0.11958, 0.89750)
034750#(-0.16, 1.22, 0.61)#(0.37867, 0.16863, -0.12344, 0.90163)
034751#(-0.17, 1.23, 0.62)#(0.39101, 0.19826, -0.11200, 0.89177)
034752#(0.01, 1.25, 0.29)#(0.36119, 0.24871, -0.13216, 0.88894)
034753#(0.25, 1.35, 0.10)#(0.25755, 0.45513, -0.12785, 0.84272)
034754#(0.37, 1.45, -0.06)#(-0.07976, -0.67228, 0.08120, -0.73149)
034755#(0.36, 1.44, -0.09)#(-0.09559, -0.68471, 0.09251, -0.71657)
034756#(0.35, 1.43, -0.09)#(-0.09890, -0.68112, 0.09351, -0.71941)
034757#(0.35, 1.44, -0.08)#(-0.10173, -0.67694, 0.08730, -0.72373)
034758#(0.36, 1.44, -0.08)#(-0.09291, -0.67504, 0.08324, -0.72716)
034759#(0.36, 1.43, -0.07)#(-0.09613, -0.69080, 0.08431, -0.71165)
034800#(0.38, 1.43, -0.04)#(-0.09193, -0.69317, 0.08137, -0.71024)
034801#(0.41, 1.41, -0.02)#(-0.09758, -0.68691, 0.10090, -0.71306)
034802#(0.35, 1.41, -0.05)#(-0.11474, -0.68550, 0.08974, -0.71335)
034803#(0.30, 1.36, -0.23)#(-0.13342, -0.74733, 0.19101, -0.62226)
034804#(0.33, 1.33, -0.69)#(-0.20238, -0.71583, 0.21716, -0.63203)
034805#(0.18, 1.33, -0.52)#(0.30279, 0.32324, -0.14205, 0.88524)
034806#(0.18, 1.31, 0.05)#(0.36077, 0.25537, -0.07952, 0.89348)
034807#(0.36, 1.26, 0.41)#(0.37615, 0.23447, -0.13233, 0.88658)
034808#(0.35, 1.28, 0.48)#(0.38731, 0.24737, -0.12053, 0.87993)
034809#(0.33, 1.27, 0.46)#(0.37394, 0.26047, -0.12966, 0.88063)
034810#(0.28, 1.30, 0.44)#(0.30478, 0.23790, -0.10199, 0.91657)
034811#(0.24, 1.29, 0.45)#(0.28269, 0.27397, -0.10120, 0.91367)
034812#(0.24, 1.32, 0.38)#(0.25668, 0.27177, -0.08960, 0.92316)
034813#(0.25, 1.33, 0.12)#(0.25876, 0.19370, -0.07557, 0.94330)
034814#(0.15, 1.35, 0.13)#(0.23037, 0.21280, -0.07125, 0.94687)
034815#(0.13, 1.36, 0.13)#(0.21724, 0.18796, -0.04833, 0.95663)
034816#(0.09, 1.37, 0.14)#(0.20725, 0.13295, -0.02716, 0.96883)
034817#(0.13, 1.36, 0.07)#(0.22597, 0.43088, -0.06743, 0.87105)
034818#(0.07, 1.34, -0.22)#(0.25134, 0.12759, -0.04502, 0.95840)
034819#(-0.14, 1.49, -0.17)#(0.09606, -0.03036, 0.02961, 0.99447)
034820#(-0.15, 1.49, -0.18)#(0.07821, -0.04242, 0.03047, 0.99557)
034821#(-0.11, 1.45, -0.16)#(0.14479, 0.01456, 0.01500, 0.98924)
034822#(-0.17, 1.19, -0.09)#(0.45261, -0.20143, 0.01178, 0.86858)
034823#(-0.18, 1.21, -0.08)#(0.41920, -0.22251, 0.01502, 0.88008)
034824#(-0.15, 1.27, -0.11)#(0.35048, -0.14989, -0.00746, 0.92447)
034825#(-0.04, 1.29, -0.03)#(0.29632, 0.03178, -0.05845, 0.95277)
034826#(0.13, 1.30, 0.19)#(0.29937, 0.08516, -0.06165, 0.94833)
034827#(-0.09, 1.32, 0.19)#(0.23281, -0.48251, 0.10749, 0.83752)
034828#(-0.12, 1.29, -0.08)#(0.26471, -0.62736, 0.20642, 0.70267)
034829#(-0.08, 1.28, -0.30)#(0.34065, -0.05318, 0.03449, 0.93805)
034830#(0.00, 1.28, -0.27)#(0.34969, 0.09110, -0.04164, 0.93150)
034831#(0.68, 1.10, -0.06)#(0.45837, 0.20013, -0.18616, 0.84569)
034832#(0.91, 0.81, 0.14)#(0.61818, 0.02665, -0.12399, 0.77574)
034833#(0.73, 0.79, 0.14)#(-0.38457, -0.49130, 0.52332, -0.58040)
034834#(0.68, 0.71, 0.27)#(-0.30230, -0.61027, 0.54605, -0.48787)
034835#(0.73, 0.66, 0.25)#(-0.35223, -0.63146, 0.50763, -0.46852)
034836#(0.76, 0.65, 0.26)#(-0.39461, -0.61240, 0.48075, -0.48798)
034837#(0.72, 0.69, 0.26)#(-0.33036, -0.63304, 0.46250, -0.52556)
034838#(0.72, 0.68, 0.25)#(-0.30673, -0.64037, 0.47406, -0.52069)
034839#(0.72, 0.68, 0.25)#(-0.30897, -0.64379, 0.47447, -0.51474)
034840#(0.72, 0.67, 0.25)#(-0.30713, -0.64720, 0.47627, -0.50988)
034841#(0.72, 0.67, 0.25)#(-0.30838, -0.65018, 0.47565, -0.50589)
034842#(0.72, 0.67, 0.25)#(-0.31765, -0.64425, 0.47511, -0.50824)
034843#(0.64, 0.84, 0.22)#(-0.25363, -0.63644, 0.49112, -0.53798)
034844#(0.59, 1.05, 0.28)#(-0.19380, -0.61078, 0.44856, -0.62304)
034845#(0.42, 1.24, 0.29)#(0.30073, 0.18178, -0.18332, 0.91810)
034846#(0.07, 1.28, 0.00)#(0.27592, 0.09457, -0.07344, 0.95369)
034847#(0.03, 1.29, -0.60)#(0.29986, -0.05583, 0.00171, 0.95235)
034848#(-0.28, 1.28, -1.04)#(0.29405, -0.00385, -0.03210, 0.95524)
034849#(-0.37, 1.31, -1.61)#(0.26413, 0.15754, -0.05516, 0.94993)
034850#(-0.41, 1.35, -1.61)#(0.21242, 0.16150, -0.04901, 0.96249)
034851#(-0.43, 1.35, -1.63)#(0.21217, 0.15575, -0.05364, 0.96325)
034852#(-0.44, 1.35, -1.64)#(0.20471, 0.15400, -0.05424, 0.96511)
034853#(-0.43, 1.35, -1.64)#(0.20195, 0.16720, -0.04858, 0.96379)
034854#(-0.42, 1.36, -1.65)#(0.20005, 0.17234, -0.04376, 0.96352)
034855#(-0.43, 1.36, -1.65)#(0.19910, 0.17505, -0.04209, 0.96330)
034856#(-0.44, 1.36, -1.65)#(0.19362, 0.18180, -0.03902, 0.96330)
034857#(-0.43, 1.36, -1.64)#(0.19462, 0.17989, -0.03845, 0.96348)
034858#(-0.44, 1.36, -1.63)#(0.19877, 0.18160, -0.03162, 0.96255)
034859#(-0.44, 1.36, -1.64)#(0.19698, 0.18972, -0.03010, 0.96140)
034900#(-0.42, 1.36, -1.64)#(0.19371, 0.20499, -0.04153, 0.95850)
034901#(-0.42, 1.36, -1.63)#(0.19250, 0.22040, -0.04055, 0.95536)
034902#(-0.42, 1.38, -1.63)#(0.16732, 0.28927, -0.03225, 0.94196)
034903#(-0.43, 1.38, -1.63)#(0.16993, 0.27117, -0.02473, 0.94709)
034904#(-0.42, 1.37, -1.63)#(0.17806, 0.28727, -0.02825, 0.94073)
034905#(-0.42, 1.37, -1.62)#(0.18098, 0.28074, -0.02005, 0.94235)
034906#(-0.37, 1.32, -1.39)#(0.24808, 0.20803, -0.03172, 0.94561)
034907#(-0.25, 1.36, -1.11)#(0.19422, 0.11421, -0.01435, 0.97418)
034908#(-0.24, 1.38, -1.22)#(0.17853, 0.32194, 0.02231, 0.92951)
034909#(-0.20, 1.38, -1.26)#(0.18624, 0.36429, -0.03483, 0.91181)
034910#(-0.22, 1.39, -1.29)#(0.16879, 0.32382, -0.02695, 0.93055)
034911#(-0.25, 1.38, -1.29)#(0.17888, 0.25932, -0.01731, 0.94892)
034912#(-0.25, 1.37, -1.46)#(0.17478, 0.00988, 0.04572, 0.98350)
034913#(-0.26, 1.39, -1.62)#(0.17972, 0.00350, 0.02336, 0.98343)
034914#(-0.22, 1.37, -1.62)#(0.20411, 0.12071, 0.02704, 0.97110)
034915#(-0.21, 1.37, -1.56)#(0.22855, 0.05131, 0.01689, 0.97203)
034916#(-0.21, 1.38, -1.55)#(0.21410, 0.04870, 0.01589, 0.97547)
034917#(-0.21, 1.39, -1.56)#(0.18943, 0.06537, 0.01251, 0.97964)
034918#(-0.21, 1.39, -1.55)#(0.19190, 0.06245, 0.01642, 0.97929)
034919#(-0.21, 1.39, -1.56)#(0.18076, 0.05986, 0.01064, 0.98165)
034920#(-0.21, 1.39, -1.56)#(0.18160, 0.07465, 0.01794, 0.98037)
034921#(-0.21, 1.39, -1.58)#(0.17190, 0.09164, 0.00631, 0.98082)
034922#(-0.21, 1.38, -1.58)#(0.18053, 0.11014, 0.00693, 0.97736)
034923#(-0.21, 1.38, -1.58)#(0.18570, 0.11019, -0.00323, 0.97640)
034924#(-0.21, 1.38, -1.59)#(0.17937, 0.10688, -0.00391, 0.97795)
034925#(-0.21, 1.38, -1.58)#(0.17421, 0.09563, 0.00051, 0.98005)
034926#(-0.25, 1.39, -1.56)#(0.17103, 0.05541, 0.01960, 0.98351)
034927#(-0.29, 1.39, -1.56)#(0.15686, 0.02661, 0.00723, 0.98724)
034928#(-0.21, 1.38, -1.32)#(0.16794, 0.10515, -0.01917, 0.97999)
034929#(-0.12, 1.35, -1.14)#(0.21240, 0.28273, -0.05900, 0.93352)
034930#(-0.22, 1.39, -1.01)#(0.15330, 0.40021, -0.04464, 0.90241)
034931#(-0.23, 1.38, -1.00)#(0.17298, 0.38521, -0.04786, 0.90521)
034932#(-0.22, 1.38, -0.99)#(0.15955, 0.39924, -0.04762, 0.90160)
034933#(-0.23, 1.37, -0.98)#(0.16630, 0.33861, -0.03316, 0.92552)
034934#(-0.34, 1.37, -0.92)#(0.18576, 0.06510, 0.02232, 0.98018)
034935#(-0.53, 1.38, -0.91)#(0.18941, -0.36906, 0.11357, 0.90278)
034936#(-0.51, 1.38, -0.89)#(0.19291, -0.34820, 0.11072, 0.91065)
034937#(-0.51, 1.38, -0.88)#(0.18956, -0.34019, 0.11257, 0.91415)
034938#(-0.51, 1.38, -0.89)#(0.19003, -0.33166, 0.11721, 0.91660)
034939#(-0.50, 1.38, -0.88)#(0.19216, -0.32464, 0.11208, 0.91930)
034940#(-0.48, 1.38, -0.86)#(0.19299, -0.29731, 0.10871, 0.92873)
034941#(-0.47, 1.38, -0.85)#(0.19004, -0.27607, 0.10466, 0.93633)
034942#(-0.44, 1.38, -0.84)#(0.18718, -0.25321, 0.09725, 0.94414)
034943#(-0.31, 1.36, -0.86)#(0.22148, -0.19320, 0.07150, 0.95316)
034944#(-0.25, 1.35, -0.44)#(0.24287, -0.11180, 0.04404, 0.96259)
034945#(-0.01, 1.37, -0.24)#(0.22780, -0.01634, 0.04546, 0.97251)
034946#(0.02, 1.36, -0.12)#(0.24124, 0.05854, -0.00189, 0.96870)
034947#(-0.13, 1.30, -0.27)#(0.28074, -0.42830, 0.13889, 0.84761)
034948#(-0.17, 1.34, -0.44)#(0.21726, -0.53517, 0.15157, 0.80213)
034949#(-0.04, 1.18, -0.56)#(0.21073, -0.68580, 0.28068, 0.63756)
034950#(0.04, 1.18, -0.58)#(0.18655, -0.71992, 0.28474, 0.60485)
034951#(0.05, 1.08, -0.66)#(0.20967, -0.73777, 0.37308, 0.52206)
034952#(-0.42, 0.70, -0.73)#(0.19490, -0.71950, 0.28148, 0.60424)
034953#(-0.43, 0.74, -0.72)#(0.14873, -0.76258, 0.16258, 0.60821)
034954#(-0.41, 0.76, -0.73)#(0.13207, -0.75421, 0.18109, 0.61719)
034955#(-0.41, 0.77, -0.75)#(0.13097, -0.75706, 0.20399, 0.60671)
034956#(-0.41, 0.76, -0.73)#(0.14205, -0.73915, 0.19461, 0.62897)
034957#(-0.38, 0.77, -0.73)#(0.13234, -0.73891, 0.19499, 0.63125)
034958#(-0.38, 0.75, -0.73)#(0.13632, -0.73047, 0.20470, 0.63713)
034959#(-0.36, 0.75, -0.73)#(0.13586, -0.73326, 0.20148, 0.63504)
035000#(-0.37, 1.05, -0.68)#(0.14268, -0.73004, 0.26331, 0.61429)
035001#(-0.20, 1.36, -0.50)#(0.20420, -0.60846, 0.22045, 0.73449)
035002#(-0.24, 1.34, -0.13)#(0.27028, -0.43663, 0.17186, 0.84069)
035003#(-0.23, 1.31, 0.06)#(0.32417, -0.11510, 0.03621, 0.93827)
035004#(-0.15, 1.33, 0.05)#(0.30934, 0.00480, -0.00238, 0.95094)
035005#(-0.11, 1.33, 0.02)#(0.32639, 0.07669, -0.02644, 0.94175)
035006#(-0.07, 1.31, -0.05)#(0.34597, 0.13469, -0.06570, 0.92620)
035007#(-0.06, 1.25, -0.08)#(0.37875, 0.29170, -0.12510, 0.86938)
035008#(-0.03, 1.37, -0.23)#(0.18950, 0.18817, -0.01868, 0.96350)
035009#(-0.04, 1.42, -0.04)#(0.13418, 0.24080, -0.02942, 0.96080)
035010#(-0.03, 1.41, -0.06)#(0.16131, 0.23192, -0.01472, 0.95915)
035011#(-0.02, 1.42, -0.07)#(0.16015, 0.23806, -0.01460, 0.95784)
035012#(-0.02, 1.42, -0.08)#(0.16369, 0.22830, -0.01668, 0.95959)
035013#(-0.02, 1.40, -0.04)#(0.16584, 0.25842, -0.01991, 0.95148)
035014#(-0.01, 1.40, -0.04)#(0.17654, 0.24757, -0.02336, 0.95236)
035015#(-0.01, 1.40, -0.05)#(0.18570, 0.25101, -0.01883, 0.94982)
035016#(0.00, 1.40, -0.02)#(0.18133, 0.25378, -0.02166, 0.94986)
035017#(0.27, 1.33, 0.31)#(0.22450, 0.10998, -0.04774, 0.96707)
035018#(0.27, 1.33, 0.46)#(0.23802, -0.13027, -0.00793, 0.96245)
035019#(0.24, 1.36, 0.44)#(0.19732, -0.16148, 0.01828, 0.96678)
035020#(0.02, 1.34, 0.17)#(0.23499, 0.14322, -0.02149, 0.96115)
035021#(0.12, 1.32, -0.55)#(0.27797, 0.32561, -0.10958, 0.89705)
035022#(0.36, 1.10, -0.77)#(0.35787, 0.48414, -0.34222, 0.72140)
035023#(0.42, 1.06, -0.77)#(-0.40057, -0.54973, 0.36928, -0.63322)
035024#(0.41, 1.06, -0.78)#(-0.39013, -0.55127, 0.37383, -0.63573)
035025#(0.42, 1.06, -0.78)#(-0.39009, -0.54583, 0.37905, -0.63736)
035026#(0.40, 1.06, -0.81)#(-0.38618, -0.56679, 0.41144, -0.60028)
035027#(0.43, 1.25, -0.82)#(-0.26629, -0.57852, 0.28180, -0.71764)
035028#(0.39, 1.26, -0.86)#(0.28237, 0.48261, -0.23604, 0.79476)
035029#(-0.07, 1.24, -0.94)#(0.35212, 0.31032, -0.14713, 0.87067)
035030#(-0.08, 1.28, -1.01)#(0.31377, 0.34777, -0.14231, 0.87198)
035031#(-0.09, 1.27, -1.08)#(0.30120, 0.35072, -0.18862, 0.86643)
035032#(-0.12, 1.28, -1.07)#(0.31590, 0.22900, -0.15874, 0.90696)
035033#(-0.20, 1.28, -1.06)#(0.32341, -0.09407, -0.04451, 0.94052)
035034#(-0.10, 1.29, -1.22)#(0.33652, -0.28690, 0.05998, 0.89490)
035035#(-0.12, 1.34, -1.25)#(0.25457, -0.26804, 0.03037, 0.92867)
035036#(-0.05, 1.34, -1.23)#(0.25241, -0.08115, -0.00408, 0.96420)
035037#(-0.05, 1.34, -1.24)#(0.24237, -0.04206, -0.01191, 0.96920)
035038#(-0.07, 1.35, -1.24)#(0.23289, -0.07457, 0.00132, 0.96964)
035039#(-0.06, 1.33, -1.13)#(0.26408, -0.07537, 0.02176, 0.96130)
035040#(-0.51, 1.11, -0.62)#(0.48884, -0.08635, 0.08792, 0.86363)
035041#(-0.56, 1.16, -0.61)#(0.45058, -0.08803, 0.10926, 0.88164)
035042#(-0.38, 1.32, -0.72)#(0.28615, 0.03151, 0.00323, 0.95766)
035043#(-0.33, 1.39, -0.81)#(0.21312, 0.07830, 0.01715, 0.97373)
035044#(-0.44, 1.35, -1.13)#(0.22149, 0.17615, -0.02875, 0.95869)
035045#(-0.42, 1.39, -1.40)#(0.21354, 0.33600, -0.03262, 0.91675)
035046#(-0.42, 1.37, -1.40)#(0.22994, 0.31527, -0.07400, 0.91775)
035047#(-0.46, 1.38, -1.37)#(0.23131, 0.21144, -0.03301, 0.94905)
035048#(-0.48, 1.39, -1.36)#(0.21961, 0.16468, -0.00244, 0.96159)
035049#(-0.49, 1.40, -1.36)#(0.20006, 0.11527, 0.01242, 0.97290)
035050#(-0.49, 1.39, -1.35)#(0.20621, 0.11538, -0.00282, 0.97168)
035051#(-0.43, 1.40, -1.38)#(0.21243, 0.28385, -0.01472, 0.93492)
035052#(-0.43, 1.41, -1.39)#(0.20338, 0.34230, -0.01482, 0.91720)
035053#(-0.49, 1.39, -1.34)#(0.22734, 0.19720, 0.01702, 0.95349)
035054#(-0.50, 1.40, -1.33)#(0.21265, 0.17797, 0.02298, 0.96051)
035055#(-0.49, 1.33, -1.08)#(0.28824, 0.08586, 0.02192, 0.95345)
035056#(-0.29, 1.34, -0.46)#(0.26048, -0.08352, 0.13836, 0.95186)
035057#(-0.28, 1.36, -0.22)#(0.21587, -0.19397, 0.10586, 0.95109)
035058#(-0.16, 1.35, -0.25)#(0.26932, -0.11707, 0.04812, 0.95470)
035059#(-0.16, 1.37, -0.26)#(0.23642, -0.09048, 0.03894, 0.96664)
035100#(-0.17, 1.37, -0.27)#(0.24011, -0.12324, 0.05200, 0.96149)
035101#(-0.18, 1.37, -0.27)#(0.23636, -0.15550, 0.05514, 0.95755)
035102#(-0.19, 1.37, -0.27)#(0.23186, -0.14511, 0.05523, 0.96028)
035103#(-0.19, 1.37, -0.27)#(0.23184, -0.14260, 0.05365, 0.96075)
035104#(-0.19, 1.37, -0.26)#(0.22693, -0.15513, 0.05678, 0.95980)
035105#(-0.18, 1.37, -0.26)#(0.22704, -0.15189, 0.05605, 0.96033)
035106#(-0.19, 1.37, -0.26)#(0.22842, -0.14923, 0.05745, 0.96034)
035107#(-0.18, 1.37, -0.26)#(0.23248, -0.13155, 0.05711, 0.96197)
035108#(-0.20, 1.36, -0.23)#(0.24263, -0.09219, 0.04202, 0.96481)
035109#(-0.25, 1.30, 0.23)#(0.32065, -0.30737, 0.14631, 0.88391)
035110#(-0.42, 1.27, 0.39)#(0.31947, -0.38378, 0.18473, 0.84648)
035111#(-0.42, 1.28, 0.39)#(0.30392, -0.39440, 0.17332, 0.84973)
035112#(-0.42, 1.29, 0.40)#(0.29384, -0.38395, 0.16113, 0.86040)
035113#(-0.41, 1.30, 0.40)#(0.28420, -0.37061, 0.15400, 0.87073)
035114#(-0.33, 1.32, 0.42)#(0.28610, -0.14538, 0.05182, 0.94569)
035115#(-0.30, 1.32, 0.42)#(0.27311, -0.06094, 0.00536, 0.96004)
035116#(-0.28, 1.34, 0.43)#(0.23010, -0.03076, 0.00719, 0.97265)
035117#(-0.28, 1.33, 0.43)#(0.23896, -0.01447, -0.00051, 0.97092)
035118#(-0.29, 1.34, 0.43)#(0.23205, -0.01795, 0.00983, 0.97249)
035119#(-0.29, 1.34, 0.44)#(0.24575, 0.01021, 0.01574, 0.96915)
035120#(-0.29, 1.34, 0.43)#(0.22728, -0.00939, 0.00115, 0.97378)
035121#(-0.29, 1.34, 0.43)#(0.21713, -0.00452, 0.00697, 0.97611)
035122#(-0.27, 1.34, 0.45)#(0.23989, 0.05275, -0.01687, 0.96922)
035123#(-0.27, 1.34, 0.45)#(0.23959, 0.05143, -0.01065, 0.96945)
035124#(-0.28, 1.34, 0.46)#(0.23591, 0.04737, 0.00198, 0.97062)
035125#(-0.28, 1.35, 0.45)#(0.22926, 0.04909, 0.00382, 0.97212)
035126#(-0.28, 1.35, 0.45)#(0.23064, 0.05728, 0.00430, 0.97134)
035127#(-0.28, 1.35, 0.46)#(0.23139, 0.06188, -0.00037, 0.97089)
035128#(-0.28, 1.36, 0.46)#(0.21118, 0.05622, 0.00650, 0.97581)
035129#(-0.30, 1.34, 0.44)#(0.25642, 0.04212, 0.06808, 0.96324)
035130#(-0.10, 1.34, 0.07)#(0.28093, 0.08886, 0.02949, 0.95515)
035131#(-0.05, 1.35, -0.29)#(0.27144, 0.28866, -0.03519, 0.91747)
035132#(-0.09, 1.34, -0.30)#(0.25561, 0.28020, -0.03936, 0.92445)
035133#(-0.12, 1.35, -0.26)#(0.25632, 0.17286, 0.01039, 0.95095)
035134#(-0.13, 1.36, -0.27)#(0.23394, 0.14218, 0.01308, 0.96171)
035135#(-0.14, 1.37, -0.26)#(0.20526, 0.09616, 0.01469, 0.97386)
035136#(-0.08, 1.38, -0.30)#(0.22119, 0.28897, -0.01144, 0.93136)
035137#(0.01, 1.37, -0.77)#(0.22531, 0.39714, -0.00871, 0.88963)
035138#(-0.14, 1.32, -1.12)#(0.33014, 0.41963, -0.05849, 0.84350)
035139#(-0.10, 1.30, -1.57)#(0.34873, 0.24293, -0.05108, 0.90375)
035140#(-0.28, 1.34, -1.61)#(0.30394, 0.02046, 0.00116, 0.95247)
035141#(-0.25, 1.35, -1.64)#(0.29965, 0.06574, -0.01717, 0.95163)
035142#(-0.24, 1.35, -1.65)#(0.28757, 0.09444, -0.02104, 0.95286)
035143#(-0.24, 1.34, -1.65)#(0.28217, 0.05746, -0.02078, 0.95742)
035144#(-0.24, 1.34, -1.65)#(0.29971, 0.07602, -0.02618, 0.95064)
035145#(-0.25, 1.34, -1.65)#(0.31575, 0.07721, -0.02116, 0.94546)
035146#(-0.26, 1.34, -1.60)#(0.30682, 0.02476, -0.01156, 0.95138)
035147#(-0.26, 1.33, -1.45)#(0.29326, 0.00575, -0.02306, 0.95574)
035148#(-0.10, 1.33, -1.13)#(0.29399, -0.10387, 0.01386, 0.95005)
035149#(-0.10, 1.34, -1.10)#(0.28085, -0.09007, 0.00286, 0.95551)
035150#(-0.08, 1.29, -1.09)#(0.37420, -0.05972, -0.00953, 0.92538)
035151#(-0.06, 1.30, -1.10)#(0.40010, 0.05134, -0.03051, 0.91452)
035152#(-0.06, 1.29, -1.08)#(0.40767, 0.05633, -0.02246, 0.91112)
035153#(-0.07, 1.30, -1.10)#(0.39533, 0.06752, -0.01822, 0.91587)
035154#(-0.06, 1.30, -1.10)#(0.39777, 0.07911, -0.02693, 0.91367)
035155#(-0.03, 1.25, -1.12)#(0.45073, 0.10814, -0.08047, 0.88242)
035156#(-0.06, 1.28, -1.11)#(0.41671, 0.04232, -0.01120, 0.90799)
035157#(-0.07, 1.29, -1.11)#(0.40691, 0.04209, -0.00323, 0.91249)
035158#(-0.04, 1.30, -1.08)#(0.40054, 0.12834, -0.00725, 0.90722)
035159#(-0.05, 1.32, -1.08)#(0.37735, 0.14162, -0.00789, 0.91514)
035200#(-0.18, 1.45, -1.09)#(0.15484, -0.14747, 0.06085, 0.97497)
035201#(-0.20, 1.42, -1.08)#(0.17536, -0.15323, 0.07477, 0.96963)
035202#(-0.19, 1.44, -1.08)#(0.14599, -0.16068, 0.06714, 0.97384)
035203#(-0.20, 1.43, -1.08)#(0.15554, -0.15347, 0.07259, 0.97313)
035204#(-0.20, 1.43, -1.08)#(0.14832, -0.15985, 0.06986, 0.97343)
035205#(-0.20, 1.43, -1.09)#(0.15490, -0.14864, 0.08708, 0.97279)
035206#(-0.15, 1.38, -1.12)#(0.21317, -0.08920, 0.05499, 0.97138)
035207#(-0.15, 1.44, -1.11)#(0.12011, -0.11656, 0.07430, 0.98309)
035208#(-0.17, 1.43, -1.15)#(0.10939, -0.14848, 0.05446, 0.98134)
035209#(-0.18, 1.43, -1.13)#(0.13187, -0.15940, 0.05924, 0.97657)
035210#(-0.17, 1.43, -1.12)#(0.12750, -0.15115, 0.06188, 0.97830)
035211#(-0.13, 1.43, -1.11)#(0.13538, -0.04329, 0.05970, 0.98805)
035212#(-0.05, 1.39, -1.26)#(0.19430, 0.21904, 0.02682, 0.95580)
035213#(-0.04, 1.34, -1.84)#(0.25061, 0.28448, -0.10867, 0.91895)
035214#(-0.15, 1.32, -1.88)#(0.26259, 0.20516, -0.08474, 0.93903)
035215#(-0.32, 1.36, -1.74)#(0.22829, -0.03981, 0.02298, 0.97251)
035216#(-0.54, 1.42, -1.18)#(0.13082, -0.15480, 0.02532, 0.97892)
035217#(-0.67, 1.42, -0.99)#(0.13632, -0.00579, 0.01399, 0.99055)
035218#(-0.65, 1.41, -0.99)#(0.15514, 0.02210, 0.01391, 0.98755)
035219#(-0.66, 1.42, -0.98)#(0.14719, 0.01528, 0.01502, 0.98888)
035220#(-0.58, 1.41, -1.01)#(0.16420, 0.12239, -0.01473, 0.97869)
035221#(-0.18, 1.28, -1.06)#(0.27411, 0.49129, -0.19773, 0.80274)
035222#(0.19, 1.22, -0.91)#(-0.27086, -0.58537, 0.30494, -0.70070)
035223#(0.38, 1.20, -0.91)#(-0.28421, -0.60356, 0.34478, -0.66035)
035224#(0.33, 1.18, -0.89)#(-0.27963, -0.64293, 0.38804, -0.59823)
035225#(0.30, 1.17, -0.87)#(-0.30399, -0.63516, 0.38608, -0.59591)
035226#(0.28, 1.18, -0.91)#(-0.26914, -0.66381, 0.41176, -0.56336)
035227#(0.34, 1.17, -0.84)#(-0.35975, -0.58868, 0.36336, -0.62610)
035228#(0.35, 1.18, -0.82)#(0.43427, 0.53989, -0.33296, 0.63958)
035229#(0.27, 1.23, -0.91)#(0.39662, 0.51596, -0.25803, 0.71408)
035230#(0.27, 1.25, -1.11)#(0.41282, 0.37024, -0.20561, 0.80636)
035231#(0.23, 1.25, -1.07)#(0.42667, 0.31090, -0.17724, 0.83059)
035232#(0.23, 1.22, -0.89)#(0.42811, 0.36718, -0.19166, 0.80322)
035233#(0.27, 1.19, -0.83)#(-0.34641, -0.61056, 0.36487, -0.61163)
035234#(0.19, 1.27, -0.67)#(0.34555, 0.40015, -0.18384, 0.82866)
035235#(0.00, 1.33, -0.67)#(0.29998, 0.17018, -0.05346, 0.93712)
035236#(-0.23, 1.36, -1.15)#(0.25068, -0.01872, 0.02052, 0.96767)
035237#(-0.39, 1.38, -1.52)#(0.22748, 0.02175, 0.03538, 0.97290)
035238#(-0.30, 1.39, -1.60)#(0.22574, 0.07115, -0.00405, 0.97158)
035239#(-0.31, 1.39, -1.60)#(0.21933, 0.07362, 0.00567, 0.97285)
035240#(-0.31, 1.39, -1.61)#(0.22120, 0.07475, 0.00627, 0.97234)
035241#(-0.31, 1.39, -1.61)#(0.21864, 0.07796, 0.00846, 0.97265)
035242#(-0.31, 1.39, -1.60)#(0.22087, 0.10723, 0.00906, 0.96935)
035243#(-0.30, 1.39, -1.60)#(0.21836, 0.12632, -0.00067, 0.96766)
035244#(-0.26, 1.40, -1.61)#(0.19094, 0.30279, -0.02470, 0.93341)
035245#(-0.26, 1.40, -1.61)#(0.18426, 0.30886, -0.02514, 0.93275)
035246#(-0.27, 1.40, -1.62)#(0.17574, 0.30893, -0.02466, 0.93438)
035247#(-0.27, 1.40, -1.61)#(0.17290, 0.31569, -0.02610, 0.93261)
035248#(-0.27, 1.40, -1.61)#(0.17534, 0.31962, -0.02738, 0.93078)
035249#(-0.27, 1.40, -1.61)#(0.17382, 0.31973, -0.02123, 0.93119)
035250#(-0.31, 1.40, -1.58)#(0.16593, 0.28639, -0.03405, 0.94302)
035251#(-0.22, 1.39, -1.19)#(0.18049, 0.30769, -0.04011, 0.93335)
035252#(0.03, 1.40, -0.66)#(0.15531, 0.46049, -0.03556, 0.87325)
035253#(0.36, 1.40, -0.32)#(0.14512, 0.57822, -0.09487, 0.79725)
035254#(0.37, 1.41, -0.17)#(0.13570, 0.63022, -0.07637, 0.76064)
035255#(0.35, 1.40, -0.16)#(0.14817, 0.62612, -0.07780, 0.76155)
035256#(0.35, 1.41, -0.16)#(0.13993, 0.62806, -0.06705, 0.76254)
035257#(0.02, 1.40, -0.21)#(0.18917, 0.06627, 0.06209, 0.97773)
035258#(-0.24, 1.39, -0.22)#(0.20127, 0.03876, 0.04574, 0.97770)
035259#(-0.30, 1.40, -0.25)#(0.18519, 0.04566, 0.03573, 0.98099)
035300#(-0.29, 1.40, -0.28)#(0.17083, 0.09114, 0.04286, 0.98014)
035301#(-0.18, 1.40, -0.39)#(0.16914, 0.38181, -0.02890, 0.90817)
035302#(-0.14, 1.40, -0.46)#(0.16283, 0.55381, -0.07134, 0.81344)
035303#(-0.14, 1.39, -0.46)#(0.17494, 0.54351, -0.08902, 0.81613)
035304#(-0.14, 1.40, -0.46)#(0.16737, 0.54461, -0.08306, 0.81761)
035305#(-0.15, 1.40, -0.45)#(0.17068, 0.51286, -0.07893, 0.83762)
035306#(-0.14, 1.40, -0.45)#(0.17732, 0.53989, -0.07903, 0.81904)
035307#(-0.14, 1.39, -0.45)#(0.18561, 0.54450, -0.07740, 0.81429)
035308#(-0.15, 1.40, -0.45)#(0.18483, 0.55371, -0.07038, 0.80888)
035309#(-0.14, 1.40, -0.46)#(0.17360, 0.60143, -0.07258, 0.77645)
035310#(-0.14, 1.40, -0.43)#(0.17887, 0.58892, -0.05893, 0.78594)
035311#(-0.06, 1.38, -0.63)#(0.17852, 0.50134, -0.04540, 0.84542)
035312#(-0.15, 1.38, -0.92)#(0.24822, 0.51196, -0.05507, 0.82052)
035313#(-0.15, 1.29, -1.36)#(0.33306, 0.32832, -0.05203, 0.88237)
035314#(-0.17, 1.38, -1.49)#(0.20468, 0.29532, -0.09131, 0.92874)