101405#(0.47, 1.29, -0.88)#(0.09260, -0.09804, 0.01628, 0.99073)
101406#(0.46, 1.29, -0.89)#(0.07864, -0.14687, 0.02451, 0.98572)
101407#(0.42, 1.29, -0.93)#(0.04087, -0.17663, 0.05658, 0.98180)
101408#(0.43, 1.29, -0.91)#(0.04610, -0.11074, 0.03433, 0.99219)
101409#(0.39, 1.30, -0.88)#(0.06302, -0.13906, 0.03867, 0.98752)
101410#(0.47, 1.28, -0.67)#(0.07410, 0.01981, 0.03228, 0.99653)
101411#(0.41, 1.27, 0.06)#(0.08825, 0.07340, 0.03481, 0.99278)
101412#(0.43, 1.26, 0.69)#(0.11073, -0.02654, 0.01907, 0.99331)
101413#(0.47, 1.28, 0.74)#(0.08951, 0.01051, 0.03322, 0.99538)
101414#(0.47, 1.26, 0.65)#(0.09964, -0.08419, 0.02388, 0.99117)
101415#(0.57, 1.29, 0.54)#(0.14225, -0.00200, 0.03192, 0.98931)
101416#(0.46, 1.28, 0.30)#(0.23161, -0.20107, 0.05486, 0.95022)
101417#(0.46, 1.31, 0.18)#(0.23682, -0.20530, 0.04472, 0.94856)
101418#(0.52, 1.30, 0.26)#(0.21472, -0.17306, -0.00428, 0.96121)
101419#(0.55, 1.28, 0.27)#(0.11955, 0.00613, 0.03561, 0.99217)
101420#(0.61, 1.29, 0.25)#(0.13721, 0.06478, -0.00026, 0.98842)
101421#(0.46, 1.30, 0.22)#(0.11744, -0.17677, 0.04728, 0.97608)
101422#(0.38, 1.30, 0.18)#(0.10077, -0.33361, 0.06645, 0.93495)
101423#(0.43, 1.33, -0.10)#(0.08032, -0.09834, 0.01422, 0.99181)
101424#(0.38, 1.33, -0.52)#(0.08947, -0.11997, 0.05525, 0.98719)
101425#(0.25, 1.29, -0.59)#(0.13232, -0.08506, 0.07465, 0.98473)
101426#(0.31, 1.32, -0.61)#(0.06991, 0.02595, 0.03144, 0.99672)
101427#(0.28, 1.31, -0.61)#(0.04467, 0.02149, 0.07550, 0.99591)
101428#(0.23, 1.33, -0.61)#(0.06398, -0.15892, 0.02021, 0.98501)
101429#(0.50, 1.34, -0.74)#(0.07885, -0.20333, 0.01360, 0.97583)
101430#(0.82, 1.32, -0.71)#(0.08098, -0.32960, -0.03791, 0.93988)
101431#(1.10, 1.34, -0.60)#(0.04196, -0.44326, -0.06288, 0.89320)
101432#(1.36, 1.37, -0.50)#(0.03665, -0.56370, -0.03960, 0.82421)
101433#(1.61, 1.38, -0.35)#(0.02683, -0.46437, -0.00331, 0.88523)
101434#(1.67, 1.39, -0.32)#(0.01925, -0.33924, 0.00472, 0.94049)
101435#(1.56, 1.39, -0.47)#(0.04827, -0.05739, -0.01478, 0.99707)
101436#(1.74, 1.39, -0.62)#(0.07572, 0.29119, -0.04319, 0.95268)
101437#(1.50, 1.33, -0.52)#(0.15092, -0.10193, 0.05716, 0.98161)
101438#(1.35, 1.39, -0.62)#(0.03651, -0.43475, 0.05750, 0.89797)
101439#(1.43, 1.41, -0.57)#(0.02320, -0.32131, 0.01042, 0.94663)
101440#(1.43, 1.41, -0.54)#(0.01702, -0.36154, -0.00076, 0.93220)
101441#(1.39, 1.39, -0.50)#(0.06169, -0.41815, -0.00269, 0.90628)
101442#(1.38, 1.38, -0.48)#(0.03073, -0.30678, 0.00902, 0.95124)
101443#(1.24, 1.37, -0.49)#(0.04543, -0.33712, 0.02229, 0.94010)
101444#(0.80, 1.36, -0.36)#(0.06931, -0.06461, -0.03744, 0.99480)
101445#(0.61, 1.36, -0.34)#(0.10043, -0.43484, 0.00700, 0.89486)
101446#(0.64, 1.37, -0.32)#(-0.00389, -0.19042, 0.01917, 0.98151)
101447#(0.69, 1.40, -0.33)#(-0.07571, 0.14099, 0.01165, 0.98704)
101448#(0.75, 1.36, -0.44)#(-0.01368, 0.79838, -0.05551, 0.59943)
101449#(0.24, 1.37, -0.54)#(0.01557, 0.99633, -0.00700, 0.08388)
101450#(0.32, 1.36, -0.53)#(-0.03205, 0.96335, -0.06240, 0.25890)
101451#(-0.17, 1.34, -0.62)#(0.00931, 0.91257, -0.00372, -0.40880)
101452#(-0.08, 1.26, -0.32)#(0.10508, -0.20025, -0.00109, 0.97409)
101453#(0.09, 1.27, -0.31)#(0.13234, -0.02909, -0.04035, 0.98996)
101454#(-0.25, 1.21, -0.02)#(0.20253, -0.19497, 0.04910, 0.95841)
101455#(-0.42, 1.19, 0.47)#(0.34109, -0.10154, 0.01867, 0.93435)
101456#(-0.48, 1.15, 0.75)#(0.41692, -0.00397, 0.11051, 0.90219)
101457#(-0.50, 1.09, 0.87)#(0.47767, -0.26041, 0.30357, 0.78221)
101458#(-0.43, 1.14, 0.85)#(0.50522, -0.32109, 0.27641, 0.75183)
101459#(-0.36, 1.23, 0.74)#(0.51694, -0.26143, 0.19829, 0.79064)
101500#(-0.34, 1.22, 0.78)#(0.50615, -0.27626, 0.18162, 0.79656)
101501#(-0.32, 1.23, 0.76)#(0.48995, -0.27777, 0.17341, 0.80791)
101502#(-0.32, 1.23, 0.76)#(0.49750, -0.26704, 0.16781, 0.80810)
101503#(-0.33, 1.22, 0.76)#(0.50414, -0.27053, 0.17721, 0.80078)
101504#(-0.32, 1.21, 0.78)#(0.50963, -0.27694, 0.18902, 0.79237)
101505#(-0.31, 1.21, 0.79)#(0.50785, -0.30194, 0.17872, 0.78675)
101506#(-0.26, 1.20, 0.82)#(0.56164, -0.21503, 0.13528, 0.78742)
101507#(-0.25, 1.19, 0.75)#(0.61458, 0.10792, -0.15527, 0.76586)
101508#(-0.24, 1.21, 0.75)#(0.57405, 0.12163, -0.11759, 0.80115)
101509#(-0.23, 1.21, 0.75)#(0.55436, 0.14395, -0.12808, 0.80967)
101510#(-0.23, 1.21, 0.75)#(0.55130, 0.14504, -0.12901, 0.81141)
101511#(-0.23, 1.21, 0.74)#(0.55633, 0.14666, -0.13373, 0.80691)
101512#(-0.23, 1.21, 0.73)#(0.54810, 0.13747, -0.13755, 0.81349)
101513#(-0.23, 1.21, 0.72)#(0.54288, 0.13537, -0.14085, 0.81677)
101514#(-0.24, 1.22, 0.72)#(0.52993, 0.11724, -0.12704, 0.83024)
101515#(-0.24, 1.23, 0.74)#(0.48060, 0.11099, -0.06837, 0.86720)
101516#(0.00, 1.29, 0.80)#(0.20225, -0.33567, 0.06278, 0.91787)
101517#(-0.08, 1.31, 0.74)#(0.19304, -0.38327, 0.07390, 0.90021)
101518#(-0.22, 1.30, 0.66)#(0.22571, -0.21003, 0.05153, 0.94989)
101519#(-0.19, 1.31, 0.68)#(0.21785, -0.20150, 0.04796, 0.95375)
101520#(-0.20, 1.32, 0.69)#(0.20366, -0.24324, 0.07307, 0.94552)
101521#(-0.20, 1.33, 0.68)#(0.15172, -0.21541, 0.05250, 0.96323)
101522#(-0.20, 1.38, 0.67)#(0.05352, -0.23320, 0.02082, 0.97073)
101523#(-0.14, 1.43, 0.67)#(-0.00482, -0.14521, -0.00125, 0.98939)
101524#(-0.15, 1.43, 0.66)#(-0.02343, -0.16465, 0.00207, 0.98607)
101525#(-0.17, 1.43, 0.66)#(-0.00723, -0.22785, 0.00611, 0.97365)
101526#(-0.19, 1.44, 0.78)#(-0.02651, -0.18658, 0.00550, 0.98207)
101527#(-0.25, 1.47, 0.99)#(-0.07495, -0.16989, -0.00560, 0.98259)
101528#(-0.23, 1.48, 1.10)#(-0.11628, -0.27418, -0.01570, 0.95449)
101529#(-0.25, 1.48, 1.08)#(-0.15204, -0.25401, 0.00892, 0.95514)
101530#(-0.26, 1.46, 1.05)#(-0.11294, -0.25614, 0.01626, 0.95988)
101531#(-0.25, 1.46, 1.02)#(-0.14171, -0.21515, 0.01597, 0.96611)
101532#(-0.25, 1.46, 1.01)#(-0.16226, -0.19980, 0.01952, 0.96611)
101533#(-0.25, 1.47, 1.04)#(-0.13448, -0.21826, 0.03656, 0.96589)
101534#(-0.25, 1.43, 0.88)#(-0.00061, -0.34675, 0.01875, 0.93777)
101535#(-0.25, 1.45, 0.85)#(-0.08341, -0.24205, 0.03462, 0.96605)
101536#(-0.24, 1.46, 1.03)#(-0.08012, -0.21957, 0.03422, 0.97170)
101537#(-0.31, 1.41, 0.99)#(0.02772, -0.44593, 0.06727, 0.89211)
101538#(-0.29, 1.42, 1.01)#(-0.05166, -0.40300, 0.03758, 0.91297)
101539#(-0.23, 1.49, 1.08)#(-0.16342, -0.23580, 0.03245, 0.95741)
101540#(-0.23, 1.46, 1.01)#(-0.10357, -0.24046, 0.01700, 0.96497)
101541#(-0.22, 1.42, 0.72)#(-0.05346, -0.18810, 0.06077, 0.97881)
101542#(-0.05, 1.42, 0.60)#(-0.03542, -0.17960, 0.06523, 0.98094)
101543#(0.01, 1.40, 0.49)#(-0.02559, -0.25025, 0.04561, 0.96677)
101544#(-0.01, 1.41, 0.53)#(-0.03548, -0.23415, 0.05999, 0.96970)
101545#(-0.07, 1.43, 0.60)#(-0.12259, -0.22289, 0.04513, 0.96605)
101546#(-0.03, 1.45, 0.61)#(-0.01109, -0.16754, -0.00654, 0.98578)
101547#(-0.02, 1.33, 0.38)#(0.08758, -0.22371, -0.01904, 0.97053)
101548#(0.15, 1.36, 0.06)#(0.07665, -0.05882, -0.00457, 0.99531)
101549#(0.25, 1.33, 0.00)#(0.07874, 0.02604, 0.01508, 0.99644)
101550#(0.36, 1.40, -0.15)#(-0.03515, -0.18888, 0.02801, 0.98097)
101551#(0.37, 1.40, -0.45)#(0.01292, -0.23723, 0.00790, 0.97133)
101552#(0.39, 1.39, -0.44)#(0.05762, -0.11666, 0.03127, 0.99101)
101553#(0.57, 1.35, -0.15)#(0.17126, -0.13251, 0.04263, 0.97534)
101554#(0.50, 1.40, -0.17)#(0.05442, -0.29597, 0.02190, 0.95339)
101555#(0.44, 1.40, -0.19)#(0.07110, -0.58375, -0.00425, 0.80881)
101556#(0.50, 1.38, -0.16)#(0.15856, -0.21303, 0.01898, 0.96391)
101557#(0.51, 1.34, -0.08)#(0.24176, -0.18435, 0.04531, 0.95159)
101558#(0.35, 1.34, 0.23)#(0.15922, 0.00044, 0.02605, 0.98690)
101559#(0.26, 1.29, 0.54)#(0.33666, -0.25008, 0.03920, 0.90696)
101600#(0.22, 1.28, 0.57)#(0.35569, -0.16117, 0.05343, 0.91905)
101601#(0.31, 1.36, 0.52)#(0.07670, 0.12656, 0.01802, 0.98883)
101602#(0.34, 1.35, 0.53)#(0.13137, 0.15625, 0.00035, 0.97894)
101603#(0.24, 1.32, 0.54)#(0.29176, -0.14099, 0.03661, 0.94534)
101604#(0.21, 1.30, 0.54)#(0.34592, -0.17544, 0.03479, 0.92106)
101605#(0.17, 1.34, 0.52)#(0.19924, -0.18909, 0.01398, 0.96143)
101606#(0.15, 1.34, 0.51)#(0.17262, -0.20344, 0.01970, 0.96355)
101607#(0.16, 1.35, 0.51)#(0.16791, -0.21561, 0.05106, 0.96058)
101608#(0.16, 1.31, 0.55)#(0.25417, -0.17392, 0.05823, 0.94961)
101609#(0.10, 1.28, 0.56)#(0.28732, -0.26992, 0.09515, 0.91408)
101610#(0.05, 1.28, 0.52)#(0.29418, -0.36895, 0.13391, 0.87144)
101611#(0.00, 1.28, 0.44)#(0.27198, -0.53277, 0.20026, 0.77594)
101612#(-0.10, 1.18, 0.36)#(0.31648, -0.47176, 0.31241, 0.76137)
101613#(-0.21, 1.09, 0.28)#(0.34478, -0.45052, 0.34379, 0.74831)
101614#(-0.12, 1.25, 0.32)#(0.22970, -0.51005, 0.16911, 0.81147)
101615#(-0.15, 1.28, 0.15)#(0.16718, -0.70874, 0.20906, 0.65271)
101616#(-0.41, 1.17, 0.24)#(0.31576, -0.62843, 0.33095, 0.62916)
101617#(-0.57, 1.13, 0.26)#(0.32894, -0.63635, 0.40202, 0.57029)
101618#(-0.58, 1.13, 0.28)#(0.36425, -0.63232, 0.37843, 0.56946)
101619#(-0.59, 1.12, 0.31)#(0.39779, -0.62824, 0.37173, 0.55578)
101620#(-0.59, 1.13, 0.30)#(0.38896, -0.63383, 0.36543, 0.55985)
101621#(-0.60, 1.14, 0.31)#(0.39707, -0.62886, 0.33981, 0.57567)
101622#(-0.59, 1.15, 0.30)#(0.39929, -0.64176, 0.34147, 0.55866)
101623#(-0.60, 1.15, 0.34)#(0.42024, -0.65044, 0.32131, 0.54505)
101624#(-0.56, 1.16, 0.35)#(0.41519, -0.65214, 0.32863, 0.54253)
101625#(-0.55, 1.16, 0.35)#(0.40345, -0.65985, 0.33500, 0.53814)
101626#(-0.53, 1.17, 0.32)#(0.41344, -0.63144, 0.36365, 0.54599)
101627#(-0.50, 1.16, 0.19)#(0.39988, -0.54305, 0.37592, 0.63552)
101628#(-0.47, 1.17, 0.15)#(0.38457, -0.48488, 0.31771, 0.71837)
101629#(-0.44, 1.19, 0.14)#(0.30908, -0.49655, 0.24900, 0.77195)
101630#(-0.45, 1.18, 0.14)#(0.35798, -0.52330, 0.28660, 0.71824)
101631#(-0.44, 1.17, 0.14)#(0.33288, -0.45573, 0.25608, 0.78481)
101632#(-0.45, 1.16, 0.14)#(0.37031, -0.50340, 0.30101, 0.72032)
101633#(-0.44, 1.16, 0.14)#(0.36063, -0.48918, 0.26134, 0.74990)
101634#(-0.43, 1.28, 0.14)#(0.14933, -0.68805, 0.17080, 0.68929)
101635#(-0.52, 1.41, 0.25)#(0.29221, -0.72725, 0.25806, 0.56492)
101636#(-0.60, 1.53, 0.13)#(0.30093, -0.73468, 0.28511, 0.53702)
101637#(-0.77, 1.48, 0.15)#(0.27742, -0.75426, 0.25629, 0.53708)
101638#(-0.75, 1.43, 0.14)#(-0.13231, 0.80041, -0.43337, -0.39246)
101639#(-1.00, 1.38, 0.24)#(0.17165, 0.83409, -0.52064, -0.06131)
101640#(-0.98, 1.38, 0.28)#(0.18291, 0.85898, -0.47413, 0.06250)
101641#(-0.97, 1.38, 0.28)#(0.19662, 0.85877, -0.46984, 0.05575)
101642#(-0.98, 1.38, 0.29)#(0.19810, 0.86208, -0.46209, 0.06361)
101643#(-0.97, 1.38, 0.27)#(0.19592, 0.86210, -0.46228, 0.06853)
101644#(-0.87, 1.36, 0.26)#(-0.07053, 0.86056, -0.49485, -0.09790)
101645#(-0.24, 1.38, 0.17)#(0.05642, 0.94698, -0.13945, 0.28390)
101646#(-0.08, 1.33, 0.11)#(0.12626, 0.87459, -0.23796, 0.40314)
101647#(0.41, 1.23, -0.34)#(0.02294, 0.84950, -0.47282, 0.23297)
101648#(0.77, 1.18, -0.65)#(-0.08828, 0.80729, -0.58254, -0.03375)
101649#(0.62, 1.22, -0.70)#(0.19869, 0.78342, -0.52842, 0.25989)
101650#(0.47, 1.22, -0.66)#(0.27675, 0.75859, -0.48553, 0.33497)
101651#(0.49, 1.19, -0.83)#(0.43051, 0.59680, -0.43971, 0.51493)
101652#(0.51, 1.18, -0.82)#(0.46808, 0.55324, -0.43019, 0.53829)
101653#(0.50, 1.18, -0.82)#(0.36955, 0.57693, -0.52188, 0.50816)
101654#(0.58, 1.15, -0.65)#(-0.26862, 0.73638, -0.61676, -0.07208)
101655#(0.64, 1.14, -0.68)#(0.53234, -0.64966, 0.46206, 0.28470)
101656#(0.60, 1.09, -0.72)#(0.50720, -0.65338, 0.49489, 0.26631)
101657#(0.59, 1.09, -0.71)#(0.51150, -0.65633, 0.48568, 0.26779)
101658#(0.58, 1.08, -0.71)#(0.52272, -0.64620, 0.49562, 0.25209)
101659#(0.58, 1.09, -0.70)#(0.51660, -0.65244, 0.49892, 0.24190)
101700#(0.57, 1.10, -0.70)#(0.51334, -0.66200, 0.49337, 0.23414)
101701#(0.65, 1.22, -0.69)#(-0.14942, 0.86828, -0.46352, -0.09443)
101702#(0.64, 1.32, -0.49)#(0.11359, -0.87179, 0.25124, 0.40492)
101703#(0.49, 1.34, 0.03)#(0.19877, -0.59171, 0.14160, 0.76832)
101704#(0.45, 1.34, -0.08)#(0.17277, -0.74853, 0.17933, 0.61457)
101705#(0.21, 1.23, -0.11)#(0.26186, -0.70364, 0.29268, 0.59217)
101706#(-0.41, 1.14, -0.20)#(0.30406, -0.71486, 0.41837, 0.47063)
101707#(-0.75, 1.03, -0.38)#(0.30252, -0.67890, 0.54541, 0.38744)
101708#(-0.62, 1.09, -0.50)#(-0.20038, 0.73710, -0.58211, -0.27871)
101709#(-0.55, 1.12, -0.51)#(-0.16912, 0.76248, -0.57235, -0.24989)
101710#(-0.55, 1.14, -0.51)#(-0.16728, 0.78225, -0.54830, -0.24386)
101711#(-0.53, 1.16, -0.19)#(0.30528, -0.71989, 0.44551, 0.43599)
101712#(-0.46, 1.22, -0.09)#(0.23719, -0.73835, 0.26048, 0.57509)
101713#(-0.43, 1.33, 0.10)#(0.12249, -0.52368, 0.10476, 0.83653)
101714#(-0.30, 1.37, 0.19)#(0.10111, -0.27811, 0.02773, 0.95481)
101715#(-0.21, 1.34, 0.23)#(0.19484, -0.07142, 0.04728, 0.97709)
101716#(0.04, 1.39, 0.40)#(0.12401, -0.15321, 0.01757, 0.98023)
101717#(0.14, 1.40, 0.41)#(0.07332, -0.01485, -0.03036, 0.99674)
101718#(0.21, 1.34, 0.44)#(0.15245, 0.13444, -0.04683, 0.97800)
101719#(0.31, 1.24, 0.41)#(0.32371, 0.25149, -0.10675, 0.90586)
101720#(0.50, 1.22, 0.37)#(0.38023, 0.07216, -0.01691, 0.92192)
101721#(0.48, 1.23, 0.36)#(0.36607, -0.03437, -0.00672, 0.92993)
101722#(0.53, 1.21, 0.32)#(0.36269, 0.08729, -0.03626, 0.92710)
101723#(0.65, 1.26, 0.23)#(0.31161, 0.28907, -0.08968, 0.90072)
101724#(0.50, 1.23, 0.19)#(0.30611, -0.43741, 0.18760, 0.82448)
101725#(0.71, 1.24, 0.00)#(0.23790, -0.42689, 0.13114, 0.86254)
101726#(0.65, 1.15, -0.08)#(0.35060, -0.57997, 0.32330, 0.66045)
101727#(0.63, 1.14, -0.07)#(0.35976, -0.57724, 0.32680, 0.65618)
101728#(0.71, 1.30, 0.07)#(0.18488, -0.40351, 0.11817, 0.88828)
101729#(0.34, 1.34, 0.17)#(0.13355, -0.55846, 0.11058, 0.81121)
101730#(0.24, 1.33, 0.08)#(-0.05536, 0.94460, -0.15919, -0.28163)
101731#(0.38, 1.33, 0.06)#(-0.01352, 0.98886, -0.14798, 0.00870)
101732#(0.72, 1.34, 0.26)#(0.08728, 0.78629, -0.11992, 0.59979)
101733#(0.81, 1.39, 0.23)#(0.03148, 0.72524, -0.05144, 0.68585)
101734#(0.61, 1.42, 0.14)#(0.03614, 0.80410, -0.03781, 0.59219)
101735#(0.55, 1.44, 0.07)#(-0.00889, 0.78965, 0.00063, 0.61349)
101736#(0.59, 1.42, 0.08)#(0.01428, 0.76617, -0.03767, 0.64138)
101737#(0.61, 1.42, 0.04)#(0.01465, 0.79934, -0.04403, 0.59908)
101738#(0.60, 1.41, 0.04)#(0.00743, 0.81334, -0.04807, 0.57976)
101739#(0.56, 1.42, 0.06)#(-0.00068, 0.82487, -0.05082, 0.56303)
101740#(0.60, 1.42, 0.06)#(0.01262, 0.80966, -0.05465, 0.58421)
101741#(0.62, 1.41, 0.05)#(0.00672, 0.81820, -0.04807, 0.57288)
101742#(0.63, 1.41, 0.05)#(0.02287, 0.81364, -0.04392, 0.57925)
101743#(0.55, 1.39, -0.05)#(0.01732, 0.87105, -0.06314, 0.48681)
101744#(0.61, 1.43, 0.04)#(0.00819, 0.80926, -0.00443, 0.58738)
101745#(0.71, 1.37, 0.29)#(0.11357, 0.53975, -0.03228, 0.83351)
101746#(0.62, 1.24, 0.45)#(0.35412, -0.07599, 0.07075, 0.92942)
101747#(0.45, 1.23, 0.39)#(0.34730, -0.26714, 0.14800, 0.88663)
101748#(0.45, 1.23, 0.39)#(0.33214, -0.25837, 0.11763, 0.89949)
101749#(0.45, 1.30, 0.34)#(0.18750, -0.36042, 0.09009, 0.90930)
101750#(0.40, 1.29, 0.30)#(0.23491, -0.47724, 0.13874, 0.83535)
101751#(0.38, 1.31, -0.05)#(-0.05381, 0.90169, -0.20247, -0.37824)
101752#(0.42, 1.32, -0.20)#(0.07163, 0.93070, -0.15181, 0.32500)
101753#(0.42, 1.37, 0.04)#(0.03004, 0.68083, -0.04133, 0.73066)
101754#(0.41, 1.37, 0.02)#(0.03105, 0.76199, -0.03705, 0.64579)
101755#(0.41, 1.37, 0.02)#(0.04325, 0.78627, -0.03892, 0.61513)
101756#(0.39, 1.38, 0.03)#(0.01937, 0.75144, -0.02658, 0.65899)
101757#(0.41, 1.37, 0.00)#(0.03145, 0.77214, -0.04898, 0.63278)
101758#(0.45, 1.36, -0.01)#(0.03221, 0.76427, -0.05679, 0.64159)
101759#(0.44, 1.36, 0.00)#(0.04156, 0.77549, -0.03608, 0.62895)
101800#(0.42, 1.34, 0.05)#(0.08431, 0.74389, -0.06160, 0.66010)
101801#(0.41, 1.35, 0.04)#(0.06737, 0.75409, -0.04171, 0.65198)
101802#(0.40, 1.35, 0.03)#(0.05664, 0.75487, -0.03736, 0.65235)
101803#(0.40, 1.35, 0.00)#(0.03437, 0.78968, -0.06202, 0.60941)
101804#(0.40, 1.34, 0.02)#(0.02973, 0.77259, -0.05359, 0.63194)
101805#(0.40, 1.35, 0.02)#(-0.00279, 0.75623, -0.01420, 0.65415)
101806#(0.42, 1.46, 0.02)#(-0.05599, 0.81882, 0.08903, 0.56434)
101807#(0.24, 1.42, 0.00)#(-0.06725, 0.97140, -0.00497, -0.22767)
101808#(0.27, 1.44, 0.32)#(-0.00051, 0.93559, 0.04376, -0.35037)
101809#(0.33, 1.45, 0.21)#(-0.00416, 0.98752, 0.07270, -0.13963)
101810#(0.31, 1.38, 0.37)#(0.04482, -0.71720, -0.04059, 0.69424)
101811#(0.63, 1.36, 0.35)#(0.10076, -0.53065, 0.02061, 0.84133)
101812#(0.65, 1.30, 0.41)#(0.15048, -0.32267, 0.02163, 0.93422)
101813#(0.71, 1.30, 0.44)#(0.16020, -0.26101, 0.02375, 0.95165)
101814#(0.74, 1.25, 0.45)#(0.22329, -0.24653, 0.04031, 0.94220)
101815#(0.60, 1.30, 0.35)#(0.14311, -0.46331, 0.06206, 0.87236)
101816#(0.58, 1.33, 0.31)#(0.11461, -0.54533, 0.05723, 0.82838)
101817#(0.53, 1.25, 0.26)#(0.19030, -0.59671, 0.13106, 0.76847)
101818#(0.53, 1.23, 0.22)#(0.20192, -0.64924, 0.18571, 0.70938)
101819#(0.32, 1.29, 0.19)#(0.15656, -0.68192, 0.14446, 0.69972)
101820#(0.08, 1.32, 0.37)#(0.13774, -0.72608, 0.13010, 0.66099)
101821#(-0.26, 1.17, 0.36)#(0.24231, -0.68141, 0.22022, 0.65457)
101822#(-0.59, 1.04, 0.32)#(0.31363, -0.68444, 0.41782, 0.50853)
101823#(-0.62, 0.98, 0.29)#(0.46728, -0.60418, 0.38157, 0.52059)
101824#(-0.63, 1.01, 0.32)#(0.46284, -0.58759, 0.39439, 0.53383)
101825#(-0.63, 1.02, 0.34)#(0.39141, -0.64535, 0.35831, 0.54949)
101826#(-0.65, 0.99, 0.36)#(0.44968, -0.60481, 0.38942, 0.52948)
101827#(-0.62, 1.01, 0.21)#(0.41555, -0.58202, 0.40975, 0.56628)
101828#(-0.63, 1.02, 0.24)#(0.38549, -0.55674, 0.41435, 0.60808)
101829#(-0.63, 1.03, 0.26)#(0.39988, -0.55460, 0.38189, 0.62184)
101830#(-0.54, 1.17, 0.50)#(0.33713, -0.58784, 0.15182, 0.71954)
101831#(-0.06, 1.21, 0.99)#(0.27783, 0.14962, -0.17891, 0.93189)
101832#(-0.09, 1.26, 0.58)#(-0.03710, 0.89048, -0.13732, 0.43222)
101833#(-0.11, 1.16, 0.44)#(-0.14465, 0.95341, -0.26473, 0.00202)
101834#(0.30, 1.20, 0.65)#(0.02647, 0.92944, -0.27918, 0.23981)
101835#(0.18, 1.20, 0.66)#(0.09579, -0.85324, 0.11451, 0.49969)
101836#(0.25, 1.34, 0.95)#(0.02062, -0.53330, 0.02845, 0.84519)
101837#(0.24, 1.32, 0.91)#(0.11136, -0.54465, 0.08813, 0.82655)
101838#(0.19, 1.27, 0.69)#(0.18913, -0.35515, 0.02190, 0.91522)
101839#(0.24, 1.30, 0.56)#(0.16854, -0.09150, 0.00573, 0.98142)
101840#(0.41, 1.35, 0.39)#(0.09701, 0.11961, -0.00793, 0.98804)
101841#(0.45, 1.36, 0.39)#(0.15222, -0.01711, -0.00337, 0.98819)
101842#(0.45, 1.36, 0.39)#(0.15282, -0.00929, -0.00785, 0.98818)
101843#(0.45, 1.36, 0.38)#(0.15240, -0.00234, -0.00542, 0.98830)
101844#(0.45, 1.35, 0.39)#(0.15763, -0.00733, -0.00803, 0.98744)
101845#(0.44, 1.29, 0.41)#(0.24956, -0.01624, 0.00758, 0.96819)
101846#(0.55, 1.24, 0.41)#(0.32742, 0.11112, -0.08487, 0.93447)
101847#(0.69, 1.36, 0.19)#(0.14525, 0.51651, -0.11265, 0.83632)
101848#(0.74, 1.42, -0.05)#(0.05202, 0.73414, -0.05146, 0.67505)
101849#(0.63, 1.41, -0.03)#(0.04341, 0.76470, -0.09140, 0.63639)
101850#(0.58, 1.41, 0.00)#(0.04054, 0.77688, -0.07699, 0.62360)
101851#(0.57, 1.41, 0.00)#(0.04828, 0.77807, -0.07337, 0.62200)
101852#(0.57, 1.40, 0.01)#(0.05042, 0.78640, -0.06652, 0.61205)
101853#(0.57, 1.41, 0.02)#(0.03876, 0.79497, -0.04735, 0.60355)
101854#(0.57, 1.40, 0.02)#(0.04314, 0.78651, -0.05294, 0.61380)
101855#(0.57, 1.39, 0.01)#(0.05007, 0.79196, -0.04581, 0.60679)
101856#(0.60, 1.39, 0.05)#(0.06310, 0.74565, -0.04526, 0.66179)
101857#(0.62, 1.31, 0.29)#(0.21706, 0.09414, 0.00556, 0.97159)
101858#(0.31, 1.23, 0.40)#(0.37541, -0.20072, 0.07239, 0.90196)
101859#(0.36, 1.19, 0.54)#(0.41094, -0.08496, 0.05318, 0.90613)
101900#(0.50, 1.15, 0.56)#(0.46735, 0.04245, -0.01007, 0.88300)
101901#(0.23, 1.15, 0.49)#(0.38033, -0.33729, 0.19815, 0.83804)
101902#(0.02, 1.16, 0.22)#(0.29806, -0.61817, 0.28534, 0.66903)
101903#(-0.04, 1.24, 0.16)#(0.22981, -0.67620, 0.26673, 0.64715)
101904#(0.01, 1.34, 0.12)#(0.13541, -0.81430, 0.19187, 0.53081)
101905#(0.06, 1.38, 0.33)#(0.15144, -0.63925, 0.04031, 0.75287)
101906#(0.02, 1.39, 0.19)#(0.19040, -0.76722, 0.20119, 0.57849)
101907#(-0.03, 1.46, -0.04)#(0.23071, -0.77711, 0.21366, 0.54518)
101908#(-0.33, 1.47, -0.19)#(0.26197, -0.78361, 0.24795, 0.50582)
101909#(-0.65, 1.46, -0.39)#(0.32859, -0.77517, 0.18686, 0.50619)
101910#(-0.79, 1.41, -0.38)#(0.40849, -0.76432, 0.19462, 0.45943)
101911#(-0.75, 1.41, -0.34)#(0.39328, -0.79042, 0.17810, 0.43456)
101912#(-0.69, 1.40, -0.30)#(0.38625, -0.78036, 0.13295, 0.47347)
101913#(-0.37, 1.34, -0.17)#(0.17698, -0.81894, 0.16875, 0.51917)
101914#(0.12, 1.30, 0.00)#(0.16815, -0.85625, 0.18576, 0.45173)
101915#(0.43, 1.37, 0.23)#(0.15026, -0.66874, 0.07329, 0.72445)
101916#(0.60, 1.28, 0.51)#(0.16993, -0.15401, -0.08071, 0.97000)
101917#(0.62, 1.28, 0.53)#(0.21929, -0.32274, -0.07335, 0.91781)
101918#(0.63, 1.26, 0.56)#(0.22552, -0.17655, -0.06640, 0.95580)
101919#(0.45, 1.28, 0.28)#(0.16375, -0.12968, 0.04392, 0.97695)
101920#(0.51, 1.29, 0.28)#(0.18034, -0.02017, -0.04367, 0.98243)
101921#(0.51, 1.28, 0.25)#(0.18848, -0.08820, -0.00381, 0.97810)
101922#(0.52, 1.28, 0.26)#(0.20069, -0.09956, -0.00190, 0.97458)
101923#(0.31, 1.23, 0.27)#(0.16765, -0.63384, 0.16945, 0.73582)
101924#(0.35, 1.26, 0.26)#(0.19497, -0.76803, 0.18038, 0.58273)
101925#(0.26, 1.25, 0.36)#(0.24357, -0.70644, 0.14738, 0.64800)
101926#(0.07, 1.27, 0.08)#(-0.08726, 0.96677, -0.20807, -0.12018)
101927#(0.17, 1.31, 0.22)#(0.06409, 0.92256, -0.18556, 0.33218)
101928#(0.22, 1.29, 0.16)#(0.06437, 0.90107, -0.32163, 0.28369)
101929#(0.69, 1.23, -0.17)#(-0.27535, 0.87181, -0.40482, 0.01607)
101930#(0.93, 1.27, -0.32)#(0.42221, -0.80295, 0.27269, 0.32039)
101931#(0.97, 1.33, -0.38)#(-0.25673, 0.90195, -0.29794, -0.17837)
101932#(0.96, 1.32, -0.39)#(-0.25140, 0.89170, -0.32886, -0.18308)
101933#(0.78, 1.32, -0.30)#(-0.03927, 0.94176, -0.31967, 0.09678)
101934#(0.69, 1.33, -0.25)#(-0.04319, 0.92719, -0.31437, 0.19907)
101935#(0.68, 1.31, -0.27)#(-0.04839, 0.92767, -0.28897, 0.23149)
101936#(0.67, 1.31, -0.26)#(-0.05693, 0.92961, -0.28245, 0.22982)
101937#(0.66, 1.31, -0.26)#(-0.10056, 0.89440, -0.24899, 0.35770)
101938#(0.57, 1.31, -0.24)#(-0.07235, 0.96202, -0.26294, 0.01227)
101939#(0.57, 1.30, -0.24)#(-0.01480, 0.95129, -0.30654, -0.02938)
101940#(0.60, 1.30, -0.21)#(-0.03349, 0.92967, -0.33828, 0.14199)
101941#(0.62, 1.30, -0.23)#(-0.01828, 0.92634, -0.34579, 0.14826)
101942#(0.65, 1.29, -0.27)#(-0.01778, 0.91911, -0.36287, 0.15246)
101943#(0.61, 1.26, -0.04)#(-0.22823, 0.92375, -0.30549, -0.03565)
101944#(0.36, 1.29, 0.59)#(0.35112, -0.68791, 0.13171, 0.62141)
101945#(0.40, 1.22, 0.94)#(0.45659, -0.31409, -0.04212, 0.83132)
101946#(0.37, 1.22, 0.95)#(0.45131, -0.31891, 0.01484, 0.83330)
101947#(0.37, 1.22, 0.94)#(0.49676, -0.29968, 0.07546, 0.81100)
101948#(0.29, 1.16, 0.90)#(0.71764, -0.23084, 0.09182, 0.65060)
101949#(0.27, 1.24, 0.63)#(0.38376, -0.65409, 0.34097, 0.55555)
101950#(0.41, 1.23, 0.26)#(0.28355, -0.77012, 0.40267, 0.40543)
101951#(0.58, 1.28, 0.14)#(0.03614, 0.88594, -0.45171, 0.09881)
101952#(0.91, 1.38, 0.12)#(0.05608, 0.89252, -0.41655, 0.16356)
101953#(0.76, 1.49, -0.35)#(0.00215, 0.91479, -0.39717, 0.07350)
101954#(0.74, 1.39, -0.56)#(0.07361, 0.84992, -0.49887, 0.15281)
101955#(0.76, 1.35, -0.48)#(0.21833, 0.85056, -0.42753, 0.21470)
101956#(0.67, 1.32, -0.17)#(-0.13799, 0.95627, -0.25694, -0.02222)
101957#(0.49, 1.32, 0.32)#(0.18045, -0.72412, 0.17178, 0.64310)
101958#(0.38, 1.30, 0.54)#(0.20415, -0.68942, 0.18409, 0.67018)
101959#(0.40, 1.33, 0.65)#(0.17984, -0.57660, 0.09755, 0.79100)
102000#(0.40, 1.34, 0.65)#(0.17572, -0.57978, 0.09706, 0.78966)
102001#(0.12, 1.31, 0.52)#(0.17389, -0.68115, 0.15156, 0.69485)
102002#(-0.23, 1.34, 0.55)#(0.14075, -0.60598, 0.12421, 0.77301)
102003#(-0.36, 1.35, 0.65)#(0.17478, -0.45063, 0.10897, 0.86863)
102004#(-0.38, 1.32, 0.68)#(0.24984, -0.43567, 0.15611, 0.85053)
102005#(-0.42, 1.32, 0.59)#(0.19936, -0.56443, 0.15311, 0.78627)
102006#(-0.44, 1.33, 0.51)#(0.17525, -0.68507, 0.16802, 0.68683)
102007#(-0.41, 1.33, 0.54)#(0.18693, -0.64120, 0.16639, 0.72542)
102008#(-0.39, 1.33, 0.66)#(0.22254, -0.48145, 0.11754, 0.83956)
102009#(-0.38, 1.34, 0.64)#(0.22362, -0.51610, 0.08942, 0.82197)
102010#(-0.43, 1.30, 0.52)#(0.19316, -0.68779, 0.19146, 0.67304)
102011#(-0.39, 1.31, 0.46)#(0.12391, -0.74503, 0.25401, 0.60420)
102012#(-0.38, 1.29, 0.45)#(0.14305, -0.78326, 0.25770, 0.54739)
102013#(-0.37, 1.29, 0.48)#(0.17324, -0.75291, 0.25187, 0.58282)
102014#(-0.37, 1.31, 0.49)#(0.15855, -0.73609, 0.21121, 0.62324)
102015#(-0.33, 1.27, 0.68)#(0.29673, -0.44085, 0.08436, 0.84290)
102016#(-0.01, 1.27, 0.88)#(0.40856, -0.34248, 0.10188, 0.83988)
102017#(-0.14, 1.22, 0.81)#(0.45264, -0.41554, 0.28478, 0.73576)
102018#(-0.16, 1.14, 0.76)#(0.46538, -0.46471, 0.35303, 0.66546)
102019#(-0.16, 1.13, 0.75)#(0.47964, -0.44275, 0.35540, 0.66904)
102020#(-0.06, 1.10, 0.81)#(0.64619, -0.16955, -0.18660, 0.72033)
102021#(-0.05, 1.11, 0.82)#(0.61499, -0.15651, -0.21179, 0.74327)
102022#(-0.01, 1.36, 0.83)#(0.07358, -0.28995, -0.00309, 0.95420)
102023#(-0.06, 1.32, 0.68)#(0.17644, -0.58347, 0.12532, 0.78277)
102024#(0.34, 1.37, 0.24)#(0.07050, -0.27195, 0.03736, 0.95900)
102025#(0.42, 1.42, 0.05)#(0.02780, -0.31194, 0.02582, 0.94934)
102026#(0.46, 1.41, 0.10)#(0.08583, -0.21422, 0.01646, 0.97287)
102027#(0.53, 1.39, 0.12)#(0.14278, -0.11823, 0.01552, 0.98254)
102028#(0.48, 1.36, 0.12)#(0.11246, -0.25710, 0.03591, 0.95915)