114955#(0.28, 1.33, -0.46)#(-0.12175, 0.21134, -0.01703, -0.96965)
114956#(0.31, 1.24, -0.40)#(-0.26200, 0.17136, -0.02441, -0.94942)
114957#(0.60, 1.18, -0.35)#(-0.35519, -0.10970, 0.03639, -0.92762)
114958#(0.77, 1.14, -0.09)#(-0.42795, -0.23034, 0.06499, -0.87154)
114959#(0.65, 1.24, -0.33)#(-0.44596, -0.27315, 0.14835, -0.83935)
115000#(0.63, 1.26, -0.36)#(-0.43474, -0.24426, 0.09991, -0.86102)
115001#(0.65, 1.25, -0.37)#(-0.42746, -0.23839, 0.10754, -0.86538)
115002#(0.64, 1.27, -0.37)#(-0.41382, -0.23262, 0.09282, -0.87523)
115003#(0.64, 1.28, -0.38)#(-0.40717, -0.21920, 0.08829, -0.88225)
115004#(0.64, 1.29, -0.38)#(-0.40519, -0.21209, 0.08333, -0.88538)
115005#(0.66, 1.25, -0.36)#(-0.29913, -0.21350, 0.05934, -0.92813)
115006#(0.68, 1.21, -0.33)#(-0.26095, -0.22978, 0.04168, -0.93668)
115007#(0.71, 1.20, -0.32)#(-0.28277, -0.22794, 0.05386, -0.93015)
115008#(0.72, 1.20, -0.31)#(-0.28718, -0.22790, 0.05541, -0.92872)
115009#(0.71, 1.21, -0.31)#(-0.27646, -0.22616, 0.05203, -0.93258)
115010#(0.71, 1.21, -0.32)#(-0.27376, -0.22669, 0.05936, -0.93281)
115011#(0.70, 1.22, -0.32)#(-0.26334, -0.22448, 0.05631, -0.93653)
115012#(0.70, 1.22, -0.33)#(-0.26142, -0.22434, 0.05963, -0.93690)
115013#(0.69, 1.24, -0.34)#(-0.26185, -0.21664, 0.06596, -0.93816)
115014#(0.69, 1.26, -0.36)#(-0.23980, -0.22257, 0.05552, -0.94333)
115015#(0.69, 1.27, -0.36)#(-0.23158, -0.21742, 0.05897, -0.94637)
115016#(0.68, 1.26, -0.36)#(-0.23831, -0.20149, 0.05996, -0.94817)
115017#(0.21, 1.25, -0.30)#(-0.25309, 0.25191, -0.07162, -0.93132)
115018#(0.11, 1.30, -0.37)#(-0.17303, 0.34131, -0.09098, -0.91940)
115019#(0.47, 1.38, -0.27)#(-0.09347, -0.00269, -0.02384, -0.99533)
115020#(0.73, 1.34, -0.26)#(-0.18928, -0.20392, 0.04817, -0.95931)
115021#(0.67, 1.15, -0.15)#(-0.48240, -0.13417, 0.08781, -0.86115)
115022#(0.75, 1.18, -0.17)#(-0.47972, -0.15009, 0.13148, -0.85443)
115023#(0.15, 1.34, -0.46)#(-0.23284, 0.57629, -0.13797, -0.77113)
115024#(0.31, 1.28, -0.71)#(-0.16051, 0.88664, -0.29986, -0.31336)
115025#(0.25, 1.23, -0.62)#(-0.24676, 0.76117, -0.32247, -0.50571)
115026#(-0.10, 1.17, -0.70)#(-0.27144, 0.70955, -0.33029, -0.56015)
115027#(-0.77, 1.07, -0.78)#(-0.37632, 0.61414, -0.42621, -0.54733)
115028#(-0.65, 1.04, -0.81)#(-0.44650, 0.53949, -0.47375, -0.53400)
115029#(-0.65, 1.03, -0.81)#(-0.45844, 0.53288, -0.47305, -0.53113)
115030#(-0.64, 1.11, -0.84)#(-0.39328, 0.60075, -0.42244, -0.55315)
115031#(-0.22, 1.25, -0.73)#(-0.21261, 0.71991, -0.24348, -0.61420)
115032#(0.27, 1.38, -0.88)#(-0.14025, 0.85669, -0.15376, -0.47198)
115033#(0.57, 1.31, -0.14)#(-0.28824, -0.14828, 0.08020, -0.94260)
115034#(0.79, 1.22, -0.22)#(0.42886, 0.40116, -0.25450, 0.76836)
115035#(0.75, 1.25, -0.18)#(0.46895, 0.32425, -0.22387, 0.79046)
115036#(0.77, 1.26, -0.19)#(0.46702, 0.29615, -0.19738, 0.80946)
115037#(0.73, 1.28, -0.18)#(-0.46636, -0.23757, 0.16122, -0.83671)
115038#(0.74, 1.27, -0.18)#(-0.46749, -0.25327, 0.16896, -0.82992)
115039#(0.74, 1.29, -0.19)#(-0.45761, -0.24310, 0.15850, -0.84046)
115040#(0.78, 1.29, -0.22)#(0.44645, 0.29777, -0.19250, 0.82156)
115041#(0.83, 1.25, -0.28)#(0.49509, 0.25037, -0.20214, 0.80706)
115042#(0.89, 1.25, -0.28)#(0.47569, 0.24687, -0.18959, 0.82270)
115043#(0.97, 1.25, -0.35)#(-0.52452, -0.06786, 0.09345, -0.84353)
115044#(0.89, 1.27, -0.33)#(-0.50947, -0.01316, 0.03408, -0.85971)
115045#(0.88, 1.28, -0.35)#(-0.49070, -0.00081, 0.02735, -0.87090)
115046#(0.88, 1.28, -0.37)#(-0.46772, -0.01287, 0.01010, -0.88372)
115047#(0.88, 1.25, -0.32)#(-0.39536, -0.06552, 0.01279, -0.91610)
115048#(0.85, 1.17, -0.28)#(-0.42562, 0.01120, 0.00672, -0.90481)
115049#(0.85, 1.18, -0.29)#(-0.40801, 0.00586, 0.00345, -0.91295)
115050#(0.85, 1.19, -0.28)#(-0.40171, 0.00752, -0.00176, -0.91573)
115051#(0.86, 1.19, -0.27)#(-0.40155, 0.00700, 0.00775, -0.91578)
115052#(0.86, 1.19, -0.26)#(-0.40250, -0.00076, 0.01642, -0.91527)
115053#(0.85, 1.20, -0.26)#(-0.39156, 0.00827, 0.01184, -0.92004)
115054#(0.88, 1.17, -0.26)#(-0.43273, -0.03165, 0.02639, -0.90058)
115055#(0.90, 1.16, -0.27)#(-0.43959, -0.02937, 0.03580, -0.89700)
115056#(0.89, 1.17, -0.26)#(-0.43436, -0.03204, 0.03427, -0.89952)
115057#(0.89, 1.18, -0.26)#(-0.42079, -0.03500, 0.01352, -0.90638)
115058#(0.81, 1.16, -0.22)#(-0.45768, -0.05736, 0.01818, -0.88708)
115059#(1.10, 1.24, -0.19)#(-0.39513, -0.02467, 0.02582, -0.91793)
115100#(0.92, 1.18, -0.19)#(-0.47051, 0.05811, -0.00268, -0.88047)
115101#(0.94, 1.22, -0.20)#(-0.46427, 0.00204, -0.00933, -0.88564)
115102#(0.94, 1.17, -0.18)#(-0.55136, 0.01562, -0.01543, -0.83398)
115103#(0.92, 1.14, -0.17)#(-0.48115, 0.07181, -0.02956, -0.87319)
115104#(0.93, 1.13, -0.17)#(-0.48816, 0.08096, -0.03803, -0.86816)
115105#(0.93, 1.14, -0.17)#(-0.47397, 0.08402, -0.04226, -0.87551)
115106#(0.93, 1.15, -0.17)#(-0.46531, 0.08611, -0.04163, -0.87997)
115107#(0.93, 1.15, -0.16)#(-0.46959, 0.08441, -0.02774, -0.87841)
115108#(1.03, 1.15, -0.20)#(-0.49798, 0.01825, 0.00890, -0.86695)
115109#(0.89, 1.14, -0.33)#(-0.46361, 0.01916, 0.01289, -0.88574)
115110#(0.86, 1.14, -0.38)#(-0.39369, -0.00210, -0.00358, -0.91923)
115111#(0.87, 1.14, -0.38)#(-0.40502, -0.00090, -0.00428, -0.91430)
115112#(0.98, 1.18, -0.25)#(-0.39434, 0.05220, -0.03088, -0.91696)
115113#(1.04, 1.16, -0.29)#(-0.41689, -0.21214, 0.15599, -0.86998)
115114#(0.78, 1.17, -0.23)#(-0.42716, 0.00785, -0.02415, -0.90382)
115115#(0.83, 1.16, -0.24)#(-0.44833, -0.06600, 0.03698, -0.89066)
115116#(0.83, 1.16, -0.24)#(-0.45870, -0.07350, 0.05239, -0.88400)
115117#(0.83, 1.16, -0.24)#(-0.45358, -0.07664, 0.03863, -0.88707)
115118#(0.83, 1.16, -0.24)#(-0.44705, -0.06962, 0.03434, -0.89113)
115119#(0.83, 1.17, -0.24)#(-0.44163, -0.07235, 0.03228, -0.89369)
115120#(0.83, 1.17, -0.24)#(-0.43902, -0.07406, 0.03068, -0.89490)
115121#(0.83, 1.17, -0.24)#(-0.43459, -0.07635, 0.02973, -0.89689)
115122#(0.83, 1.17, -0.23)#(-0.45452, -0.07309, 0.03376, -0.88709)
115123#(0.83, 1.17, -0.23)#(-0.45761, -0.07676, 0.02855, -0.88537)
115124#(0.84, 1.16, -0.22)#(-0.46257, -0.07811, 0.03215, -0.88255)
115125#(0.88, 1.17, -0.21)#(-0.46377, -0.05033, 0.00731, -0.88449)
115126#(0.90, 1.16, -0.24)#(-0.46344, 0.09227, -0.04936, -0.87993)
115127#(0.89, 1.17, -0.24)#(-0.46522, 0.07340, -0.04615, -0.88094)
115128#(0.78, 1.19, -0.24)#(-0.42312, 0.13815, -0.07597, -0.89225)
115129#(0.87, 1.19, -0.23)#(-0.42875, 0.06693, -0.04483, -0.89982)
115130#(0.91, 1.19, -0.24)#(-0.43973, 0.07811, -0.03814, -0.89391)
115131#(0.91, 1.20, -0.24)#(-0.42513, 0.06591, -0.04129, -0.90178)
115132#(0.66, 1.18, -0.24)#(-0.42769, 0.22930, -0.12634, -0.86518)
115133#(0.53, 1.19, -0.27)#(-0.40373, 0.30641, -0.16031, -0.84700)
115134#(0.53, 1.17, -0.31)#(-0.41659, 0.46949, -0.27361, -0.72882)
115135#(0.52, 1.02, -0.35)#(-0.48474, 0.41160, -0.43644, -0.63650)
115136#(0.58, 1.24, -0.23)#(-0.35229, 0.37422, -0.16186, -0.84241)
115137#(0.61, 1.34, -0.25)#(-0.24709, 0.41498, -0.09647, -0.87030)
115138#(0.62, 1.35, -0.26)#(-0.23344, 0.41476, -0.08966, -0.87489)
115139#(0.67, 1.38, -0.24)#(-0.16654, 0.32410, -0.05631, -0.92954)
115140#(0.63, 1.38, -0.29)#(-0.17600, 0.36242, -0.06077, -0.91323)
115141#(0.59, 1.37, -0.33)#(-0.19475, 0.46414, -0.09364, -0.85900)
115142#(0.41, 1.35, -0.66)#(-0.13886, 0.78337, -0.16909, -0.58178)
115143#(0.38, 1.35, -0.62)#(-0.14019, 0.78536, -0.17326, -0.57753)
115144#(0.43, 1.35, -0.76)#(-0.10593, 0.89645, -0.20277, -0.37952)
115145#(0.73, 1.41, -0.67)#(0.01547, 0.96669, -0.11822, 0.22649)
115146#(0.86, 1.58, -0.57)#(-0.05913, 0.91965, 0.11709, 0.37018)
115147#(0.42, 1.57, -0.61)#(0.00978, 0.95778, 0.10096, -0.26903)
115148#(0.09, 1.54, -0.53)#(-0.02277, 0.64255, 0.02815, -0.76539)
115149#(0.10, 1.55, -0.52)#(-0.01574, 0.60126, 0.00906, -0.79885)
115150#(-0.09, 1.47, -0.27)#(-0.04723, 0.62035, -0.07123, -0.77965)
115151#(-0.54, 1.44, -0.10)#(-0.15438, 0.63382, -0.13130, -0.74646)
115152#(-0.75, 1.45, 0.02)#(-0.06734, 0.71866, -0.09979, -0.68487)
115153#(-1.14, 1.47, -0.02)#(-0.08035, 0.73681, -0.11466, -0.66145)
115154#(-1.04, 1.45, -0.15)#(-0.13257, 0.67776, -0.11497, -0.71404)
115155#(-1.06, 1.45, -0.11)#(-0.16109, 0.67474, -0.15102, -0.70425)
115156#(-1.04, 1.46, 0.01)#(-0.15760, 0.57062, -0.10978, -0.79844)
115157#(-1.06, 1.47, -0.01)#(-0.10862, 0.62359, -0.08035, -0.76998)
115158#(-1.06, 1.47, 0.01)#(-0.09796, 0.64467, -0.07744, -0.75420)
115159#(-1.08, 1.47, -0.02)#(-0.09322, 0.69264, -0.07829, -0.71094)
115200#(-1.09, 1.47, -0.01)#(-0.09647, 0.69724, -0.08193, -0.70558)
115201#(-0.91, 1.46, -0.04)#(-0.09620, 0.71247, -0.08544, -0.68980)
115202#(-0.59, 1.47, -0.03)#(-0.08290, 0.68927, -0.10020, -0.71273)
115203#(-0.77, 1.46, -0.01)#(-0.09322, 0.70257, -0.07929, -0.70101)
115204#(-0.93, 1.44, -0.20)#(-0.11632, 0.64765, -0.06088, -0.75054)
115205#(-0.96, 1.44, -0.22)#(-0.13410, 0.58996, -0.08680, -0.79148)
115206#(-0.97, 1.44, -0.19)#(-0.13812, 0.59113, -0.08277, -0.79034)
115207#(-0.96, 1.45, -0.19)#(-0.14009, 0.58719, -0.08189, -0.79302)
115208#(-0.95, 1.46, -0.16)#(-0.12444, 0.57443, -0.07393, -0.80565)
115209#(-0.95, 1.46, -0.16)#(-0.12607, 0.59315, -0.06851, -0.79220)
115210#(-0.94, 1.47, -0.17)#(-0.12693, 0.59959, -0.07022, -0.78705)
115211#(-0.93, 1.47, -0.18)#(-0.12416, 0.58701, -0.06957, -0.79697)
115212#(-0.93, 1.47, -0.18)#(-0.12194, 0.58523, -0.06796, -0.79876)
115213#(-0.94, 1.47, -0.17)#(-0.11771, 0.58656, -0.06918, -0.79831)
115214#(-0.74, 1.48, 0.17)#(-0.12701, 0.25331, -0.03669, -0.95831)
115215#(-0.76, 1.39, 0.32)#(-0.29627, 0.05479, 0.01424, -0.95343)
115216#(-0.71, 1.32, 0.32)#(-0.45986, 0.02984, -0.01194, -0.88741)
115217#(-0.43, 1.46, 0.22)#(-0.13508, -0.23237, 0.03461, -0.96258)
115218#(-0.30, 1.45, 0.17)#(0.17643, 0.38510, -0.09194, 0.90118)
115219#(-0.32, 1.39, 0.19)#(0.28355, 0.32158, -0.14615, 0.89153)
115220#(-0.31, 1.32, 0.19)#(0.34624, 0.34613, -0.17310, 0.85460)
115221#(-0.34, 1.41, 0.10)#(0.18214, 0.41174, -0.11448, 0.88554)
115222#(-0.96, 1.38, -0.04)#(-0.28052, 0.51745, -0.11021, -0.80088)
115223#(-0.82, 1.26, -0.33)#(-0.17153, 0.80925, -0.51081, -0.23401)
115224#(-0.50, 1.28, -0.48)#(-0.03434, 0.86049, -0.50816, -0.01183)
115225#(-0.58, 1.21, -0.51)#(-0.09759, 0.82193, -0.53893, -0.15641)
115226#(-0.61, 1.00, -0.63)#(-0.10094, 0.80374, -0.56717, -0.14876)
115227#(-0.64, 0.95, -0.67)#(-0.12006, 0.80103, -0.57029, -0.13681)
115228#(-0.65, 0.94, -0.68)#(-0.12233, 0.79332, -0.58048, -0.13682)
115229#(-0.64, 1.06, -0.66)#(-0.10357, 0.82280, -0.53676, -0.15543)
115230#(-0.58, 1.28, -0.43)#(-0.13544, 0.83291, -0.48222, -0.23534)
115231#(-0.56, 1.30, -0.38)#(-0.12615, 0.85643, -0.44570, -0.22795)
115232#(-0.57, 1.29, -0.41)#(-0.12738, 0.84985, -0.46245, -0.21833)
115233#(-0.61, 1.16, -0.48)#(-0.11593, 0.80613, -0.54648, -0.19510)
115234#(-0.58, 1.15, -0.50)#(-0.12409, 0.84504, -0.49091, -0.17183)
115235#(-0.59, 0.96, -0.55)#(-0.15676, 0.81603, -0.51304, -0.21522)
115236#(-0.62, 0.96, -0.54)#(-0.13361, 0.81315, -0.51226, -0.24191)
115237#(-0.64, 0.96, -0.56)#(-0.14240, 0.81926, -0.50109, -0.23966)
115238#(-0.65, 0.97, -0.56)#(-0.14939, 0.82263, -0.49725, -0.23174)
115239#(-0.67, 1.14, -0.53)#(-0.06783, 0.90359, -0.34459, -0.24531)
115240#(-0.62, 1.14, -0.44)#(-0.06491, 0.90365, -0.39417, -0.15434)
115241#(-0.64, 1.15, -0.44)#(-0.07186, 0.90476, -0.38310, -0.17168)
115242#(-0.87, 1.29, -0.21)#(-0.16468, 0.80883, -0.24781, -0.50721)
115243#(-0.94, 1.08, -0.30)#(-0.36919, 0.64761, -0.48944, -0.45249)
115244#(-0.89, 0.98, -0.30)#(-0.43302, 0.54210, -0.62933, -0.35010)
115245#(-0.17, 1.09, -0.04)#(0.29886, 0.64197, -0.51157, 0.48668)
115246#(-0.07, 1.32, -0.03)#(0.14844, 0.78158, -0.20356, 0.57066)
115247#(0.27, 1.31, -0.24)#(0.24286, 0.62012, -0.28994, 0.68731)
115248#(0.38, 1.27, -0.18)#(0.37117, 0.42308, -0.20227, 0.80145)
115249#(0.23, 1.18, -0.06)#(-0.50900, -0.18550, 0.06199, -0.83825)
115250#(0.33, 0.89, -0.02)#(-0.66780, -0.31024, 0.01524, -0.67644)
115251#(0.41, 0.82, -0.02)#(0.59436, 0.43141, -0.01330, 0.67856)
115252#(0.39, 1.01, -0.04)#(0.56031, 0.34877, -0.16058, 0.73391)
115253#(0.26, 1.24, -0.05)#(-0.48524, -0.25954, 0.10253, -0.82866)
115254#(0.30, 1.25, -0.06)#(0.43967, 0.31730, -0.12758, 0.83051)
115255#(0.29, 1.33, -0.10)#(0.29247, 0.33947, -0.08610, 0.88984)
115256#(0.27, 1.35, -0.08)#(0.24192, 0.32509, -0.06404, 0.91197)
115257#(0.28, 1.36, -0.08)#(-0.24072, -0.31374, 0.06635, -0.91609)
115258#(0.27, 1.36, -0.09)#(-0.23158, -0.31378, 0.06373, -0.91861)
115259#(0.27, 1.36, -0.09)#(0.22938, 0.31941, -0.06307, 0.91727)
115300#(0.28, 1.36, -0.09)#(0.23565, 0.32245, -0.07814, 0.91345)
115301#(0.23, 1.36, 0.06)#(0.19652, 0.36052, -0.11891, 0.90403)
115302#(0.26, 1.33, 0.67)#(0.21414, 0.54604, -0.16881, 0.79214)
115303#(-0.04, 1.38, 0.65)#(0.18581, 0.70517, -0.18430, 0.65898)
115304#(0.01, 1.38, 0.64)#(0.15956, 0.72012, -0.18274, 0.65005)
115305#(0.01, 1.39, 0.65)#(0.15310, 0.73113, -0.16829, 0.64318)
115306#(0.01, 1.39, 0.64)#(0.15387, 0.73646, -0.16489, 0.63778)
115307#(0.02, 1.39, 0.65)#(0.15131, 0.71460, -0.15822, 0.66440)
115308#(0.09, 1.39, 0.71)#(0.13734, 0.73485, -0.15272, 0.64638)
115309#(0.30, 1.39, 0.68)#(0.17954, 0.64700, -0.12191, 0.73095)
115310#(0.14, 1.39, 0.89)#(-0.19366, -0.22933, 0.05730, -0.95217)
115311#(0.29, 1.15, 0.86)#(0.49483, 0.34553, -0.22374, 0.76531)
115312#(0.41, 1.25, 0.71)#(0.36278, 0.50282, -0.22921, 0.75035)
115313#(0.49, 1.14, 0.66)#(0.37231, 0.59781, -0.48801, 0.51561)
115314#(0.17, 0.86, 0.58)#(0.34234, 0.57589, -0.29409, 0.68166)
115315#(0.18, 0.86, 0.59)#(0.25485, 0.63714, -0.19422, 0.70098)
115316#(0.18, 0.90, 0.58)#(0.26664, 0.65317, -0.23815, 0.66750)
115317#(-0.05, 1.22, 0.44)#(0.21889, 0.78066, -0.31896, 0.49084)
115318#(-0.13, 1.35, 0.48)#(0.13026, 0.80125, -0.18950, 0.55237)
115319#(-0.11, 1.36, 0.53)#(0.13909, 0.73752, -0.16860, 0.63898)
115320#(-0.08, 1.29, 0.50)#(0.23515, 0.72274, -0.32014, 0.56556)
115321#(-0.11, 1.28, 0.44)#(0.19603, 0.78113, -0.32178, 0.49786)
115322#(-0.16, 1.31, 0.38)#(0.14907, 0.82656, -0.28029, 0.46477)
115323#(-0.22, 1.33, 0.34)#(0.07135, 0.91099, -0.18528, 0.36149)
115324#(-0.40, 1.27, 0.21)#(0.01231, 0.93552, -0.35030, 0.04408)
115325#(-0.56, 1.16, 0.18)#(-0.25420, 0.75424, -0.46442, -0.38834)
115326#(-0.36, 1.11, 0.50)#(-0.50093, 0.35996, -0.25383, -0.74503)
115327#(0.07, 1.28, 0.46)#(-0.29529, 0.29650, -0.13113, -0.89872)
115328#(0.16, 1.27, 0.52)#(-0.37203, 0.22286, -0.09777, -0.89575)
115329#(0.15, 1.25, 0.54)#(-0.38655, 0.21648, -0.08742, -0.89223)
115330#(0.14, 1.26, 0.51)#(-0.37304, 0.19576, -0.09145, -0.90231)
115331#(0.15, 1.27, 0.51)#(-0.33940, 0.22588, -0.07909, -0.90969)
115332#(0.16, 1.29, 0.48)#(-0.24575, 0.21114, -0.05767, -0.94430)
115333#(-0.11, 1.21, 0.45)#(-0.38618, 0.24058, -0.11985, -0.88239)
115334#(-0.28, 1.28, -0.14)#(-0.29572, -0.01485, 0.00875, -0.95512)
115335#(-0.31, 1.32, -0.66)#(-0.26789, -0.05526, -0.00378, -0.96186)
115336#(-0.15, 1.35, -0.75)#(-0.14812, -0.02508, 0.01389, -0.98855)
115337#(-0.17, 1.36, -0.77)#(-0.13297, -0.02458, 0.00979, -0.99077)
115338#(-0.16, 1.35, -0.78)#(-0.17539, -0.04790, 0.00274, -0.98333)
115339#(-0.17, 1.34, -0.79)#(-0.19916, -0.04211, 0.00519, -0.97905)
115340#(-0.29, 1.31, -0.71)#(-0.25150, 0.06248, -0.01874, -0.96566)
115341#(-0.49, 1.29, -0.32)#(-0.25267, 0.13659, -0.06540, -0.95563)
115342#(-0.89, 1.28, 0.07)#(-0.22935, -0.05607, 0.01179, -0.97166)
115343#(-1.17, 1.30, 0.44)#(-0.21981, -0.30023, 0.07716, -0.92498)
115344#(-0.85, 1.24, 0.69)#(-0.32575, -0.26195, 0.07778, -0.90511)
115345#(-0.84, 1.11, 1.16)#(-0.45298, -0.27143, 0.10143, -0.84312)
115346#(-0.74, 1.09, 1.19)#(0.33973, 0.52895, -0.22149, 0.74548)
115347#(-0.74, 1.11, 1.11)#(0.36962, 0.45303, -0.25127, 0.77137)
115348#(-0.59, 1.15, 0.79)#(0.38100, 0.50532, -0.27671, 0.72314)
115349#(-0.07, 1.09, 0.84)#(0.47726, 0.31808, -0.24247, 0.78247)
115350#(-0.02, 1.10, 0.87)#(-0.50761, -0.01082, 0.04017, -0.86058)
115351#(0.31, 1.04, 1.16)#(-0.61157, 0.16022, 0.11629, -0.76602)
115352#(0.37, 0.98, 1.24)#(-0.60131, 0.17279, 0.17941, -0.75920)
115353#(0.33, 0.92, 1.33)#(-0.63788, 0.13136, 0.09928, -0.75232)
115354#(0.27, 0.92, 1.33)#(-0.62980, 0.16794, 0.05791, -0.75617)
115355#(0.27, 1.05, 1.30)#(-0.54792, 0.16826, 0.03288, -0.81878)
115356#(0.34, 1.15, 1.01)#(-0.44151, 0.25918, -0.13714, -0.84799)
115357#(0.58, 1.20, 1.20)#(-0.31385, 0.58779, -0.27546, -0.69291)
115358#(0.55, 1.20, 1.26)#(-0.22709, 0.62925, -0.29836, -0.68078)
115359#(0.46, 1.15, 1.25)#(-0.25776, 0.61246, -0.32250, -0.67412)
115400#(0.40, 1.14, 1.23)#(-0.26960, 0.60469, -0.33968, -0.66805)
115401#(0.37, 1.12, 1.23)#(-0.31614, 0.57936, -0.35830, -0.66031)
115402#(0.39, 1.15, 1.20)#(-0.27900, 0.58741, -0.34324, -0.67772)
115403#(0.37, 1.13, 1.19)#(-0.29381, 0.56981, -0.36633, -0.67439)
115404#(0.37, 1.13, 1.18)#(-0.30248, 0.58234, -0.35756, -0.66448)
115405#(0.40, 1.15, 1.17)#(-0.28241, 0.58484, -0.35133, -0.67437)
115406#(0.36, 1.08, 1.21)#(-0.23844, 0.57947, -0.20721, -0.75129)
115407#(0.64, 1.03, 1.16)#(-0.31901, 0.59447, -0.26453, -0.68910)
115408#(0.67, 1.26, 0.97)#(-0.11670, 0.61509, -0.16096, -0.76298)
115409#(0.70, 1.33, 1.04)#(-0.10947, 0.53112, -0.08974, -0.83539)
115410#(0.70, 1.40, 0.90)#(-0.00925, 0.64910, 0.00388, -0.76063)
115411#(0.73, 1.37, 0.61)#(-0.03211, 0.87955, -0.04987, -0.47209)
115412#(0.54, 1.37, 0.57)#(-0.03171, 0.84223, -0.05117, -0.53575)
115413#(0.46, 1.37, 0.56)#(-0.03394, 0.83830, -0.05189, -0.54167)
115414#(0.16, 1.33, 0.25)#(-0.04931, 0.80210, -0.08778, -0.58863)
115415#(-0.43, 1.34, 0.04)#(-0.04484, 0.78052, -0.06576, -0.62004)
115416#(-0.84, 1.34, -0.13)#(-0.03183, 0.71856, -0.02997, -0.69409)
115417#(-1.09, 1.35, -0.09)#(-0.01934, 0.70127, -0.02247, -0.71228)
115418#(-1.12, 1.36, -0.13)#(0.00291, 0.70201, -0.00242, -0.71216)
115419#(-1.11, 1.37, -0.12)#(0.01131, 0.70468, 0.00824, -0.70939)
115420#(-1.11, 1.37, -0.11)#(0.00691, 0.70775, 0.00835, -0.70638)
115421#(-1.11, 1.38, -0.05)#(0.01349, 0.62437, 0.02454, -0.78063)
115422#(-1.09, 1.39, -0.03)#(0.02941, 0.60824, 0.04648, -0.79185)
115423#(-1.18, 1.24, -0.07)#(-0.17331, 0.68993, -0.16421, -0.68337)
115424#(-1.14, 1.26, -0.04)#(-0.12543, 0.65942, -0.11158, -0.73279)
115425#(-0.69, 1.26, -0.05)#(-0.16636, -0.30570, 0.05159, -0.93606)
115426#(-0.38, 1.30, -0.34)#(0.10374, 0.57008, -0.06731, 0.81223)
115427#(-0.01, 1.24, 0.03)#(0.15586, 0.49101, -0.07866, 0.85348)
115428#(0.49, 1.26, 0.35)#(0.15099, 0.42065, -0.06701, 0.89206)
115429#(0.43, 1.26, 0.36)#(0.17074, 0.43184, -0.07421, 0.88253)
115430#(0.07, 1.27, 0.22)#(0.13744, 0.50935, -0.07509, 0.84618)
115431#(-0.03, 1.28, 0.06)#(0.13699, 0.47974, -0.07192, 0.86366)
115432#(-0.07, 1.28, 0.06)#(0.13819, 0.49039, -0.06873, 0.85773)
115433#(-0.08, 1.29, 0.05)#(0.12679, 0.48688, -0.05781, 0.86228)
115434#(-0.06, 1.29, 0.05)#(0.12480, 0.47601, -0.06205, 0.86833)
115435#(-0.06, 1.28, 0.07)#(0.14736, 0.46896, -0.07734, 0.86740)
115436#(-0.06, 1.16, 0.13)#(0.32836, 0.39902, -0.14069, 0.84450)
115437#(-0.01, 1.16, -0.02)#(0.28575, 0.55867, -0.20809, 0.75029)
115438#(-0.04, 1.18, -0.02)#(0.25648, 0.55742, -0.18606, 0.76738)
115439#(-0.02, 1.19, -0.03)#(0.24942, 0.54952, -0.18750, 0.77502)
115440#(-0.03, 1.19, -0.02)#(0.24626, 0.55194, -0.18375, 0.77522)
115441#(-0.02, 1.19, -0.04)#(0.24776, 0.56050, -0.19576, 0.76559)
115442#(-0.01, 1.17, -0.02)#(0.28297, 0.52836, -0.20128, 0.77476)
115443#(0.15, 1.13, 0.12)#(0.27452, 0.60659, -0.20086, 0.71857)
115444#(0.20, 1.21, -0.02)#(0.22238, 0.67683, -0.20870, 0.67000)
115445#(0.22, 1.18, -0.10)#(0.26602, 0.59755, -0.20079, 0.72929)
115446#(0.24, 1.18, -0.09)#(0.25668, 0.60353, -0.21190, 0.72455)
115447#(0.83, 1.15, 0.08)#(0.29494, 0.60944, -0.30044, 0.67181)
115448#(0.73, 1.11, 0.10)#(0.34414, 0.60866, -0.35043, 0.62315)
115449#(0.65, 1.13, 0.01)#(0.33274, 0.63283, -0.35419, 0.60280)
115450#(0.65, 1.14, 0.02)#(0.32908, 0.64500, -0.34555, 0.59689)
115451#(0.66, 1.14, 0.02)#(0.32099, 0.65184, -0.34455, 0.59444)
115452#(0.65, 1.15, 0.02)#(0.31661, 0.65621, -0.33343, 0.59830)
115453#(0.64, 1.15, 0.06)#(0.31757, 0.64064, -0.31799, 0.62258)
115454#(0.48, 1.14, 0.18)#(-0.43875, -0.08164, 0.04175, -0.89392)
115455#(0.04, 1.23, -0.12)#(-0.23694, 0.54541, -0.12089, -0.79484)
115456#(-0.12, 1.27, -0.24)#(-0.07851, 0.69781, -0.08409, -0.70698)
115457#(-0.14, 1.25, -0.22)#(-0.15577, 0.66653, -0.14888, -0.71366)
115458#(-0.17, 1.14, -0.25)#(-0.25950, 0.65947, -0.24757, -0.66065)
115459#(-0.12, 1.03, -0.54)#(-0.24933, 0.76881, -0.43364, -0.39840)
115500#(-0.06, 1.05, -0.46)#(-0.15217, 0.85388, -0.35847, -0.34530)
115501#(-0.08, 1.17, -0.41)#(-0.09498, 0.88752, -0.19677, -0.40567)
115502#(-0.06, 1.18, -0.56)#(-0.07223, 0.94251, -0.11742, -0.30441)
115503#(-0.15, 1.17, -0.66)#(0.00354, 0.98535, -0.16392, -0.04696)
115504#(0.08, 1.21, -0.62)#(0.03624, 0.94545, -0.15168, 0.28600)
115505#(0.23, 1.21, -0.65)#(0.10301, 0.81818, -0.10853, 0.55515)
115506#(0.24, 1.21, -0.69)#(0.10434, 0.77477, -0.12398, 0.61112)
115507#(0.31, 1.19, -0.41)#(0.15948, 0.53445, -0.11068, 0.82260)
115508#(0.36, 0.95, -0.40)#(0.44475, 0.49804, -0.29019, 0.68552)
115509#(0.41, 1.00, -0.42)#(0.37108, 0.52978, -0.26032, 0.71685)
115510#(0.96, 0.99, -0.29)#(0.41091, 0.47804, -0.24114, 0.73789)
115511#(1.12, 0.95, -0.02)#(-0.55668, -0.07714, 0.04013, -0.82616)
115512#(0.75, 0.98, -0.10)#(-0.51243, -0.22997, 0.17097, -0.80950)
115513#(0.71, 1.13, -0.27)#(-0.34152, -0.27547, 0.07661, -0.89533)
115514#(0.61, 1.17, -0.50)#(-0.29204, -0.13940, 0.02941, -0.94574)
115515#(0.36, 1.16, -0.57)#(-0.28259, -0.12919, 0.01861, -0.95032)
115516#(0.41, 1.08, -0.52)#(-0.35708, -0.13118, -0.01491, -0.92470)
115517#(0.34, 1.08, -0.47)#(-0.34323, 0.04226, -0.05302, -0.93680)
115518#(0.32, 1.07, -0.47)#(-0.34939, 0.06810, -0.05556, -0.93285)
115519#(0.30, 1.08, -0.47)#(-0.34490, 0.07279, -0.06240, -0.93373)
115520#(0.17, 1.13, -0.52)#(-0.27252, 0.26572, -0.11197, -0.91793)
115521#(0.14, 1.12, -0.55)#(-0.30838, 0.33785, -0.12466, -0.88046)
115522#(0.12, 1.12, -0.58)#(-0.29522, 0.39865, -0.13733, -0.85736)
115523#(0.30, 1.12, -0.47)#(-0.32379, 0.16845, -0.04069, -0.93012)
115524#(0.43, 1.11, -0.27)#(-0.30407, -0.02707, 0.00799, -0.95223)
115525#(0.60, 1.14, 0.12)#(-0.26516, -0.09881, 0.02358, -0.95884)
115526#(0.61, 1.12, 0.26)#(-0.31543, -0.02694, 0.03567, -0.94790)
115527#(0.61, 1.06, 0.24)#(-0.39715, -0.17748, 0.07844, -0.89700)
115528#(0.75, 1.06, -0.27)#(0.34654, 0.46242, -0.31591, 0.75251)
115529#(0.64, 1.09, -0.07)#(0.38143, 0.37797, -0.21163, 0.81661)
115530#(0.46, 1.11, 0.07)#(-0.40877, 0.08310, -0.01234, -0.90876)
115531#(0.18, 1.26, -0.49)#(-0.11164, 0.71723, -0.11155, -0.67873)
115532#(0.21, 1.27, -0.35)#(-0.09304, 0.59576, -0.08673, -0.79303)
115533#(0.59, 1.24, -0.07)#(-0.18399, 0.03022, -0.00575, -0.98245)
115534#(0.67, 1.22, -0.01)#(-0.19530, -0.28569, 0.07439, -0.93526)
115535#(0.16, 1.21, 0.04)#(0.14775, 0.56595, -0.13441, 0.79988)
115536#(-0.28, 1.22, 0.55)#(0.15557, 0.63745, -0.12216, 0.74467)
115537#(0.05, 1.23, 0.70)#(0.12890, 0.72010, -0.14024, 0.66722)
115538#(0.12, 1.23, 0.67)#(0.14030, 0.75481, -0.15269, 0.62231)
115539#(0.11, 1.24, 0.69)#(0.13286, 0.74232, -0.14513, 0.64050)
115540#(0.12, 1.24, 0.68)#(0.13274, 0.74814, -0.14379, 0.63403)
115541#(0.12, 1.25, 0.69)#(0.12960, 0.74891, -0.13844, 0.63496)
115542#(0.11, 1.26, 0.69)#(0.12164, 0.75387, -0.13290, 0.63183)
115543#(0.11, 1.26, 0.69)#(0.12267, 0.75737, -0.12620, 0.62882)
115544#(0.14, 1.26, 0.54)#(0.12823, 0.75182, -0.12466, 0.63465)
115545#(0.13, 1.26, 0.45)#(0.12709, 0.72417, -0.10469, 0.66968)
115546#(0.15, 1.24, 0.56)#(0.11273, 0.72288, -0.14719, 0.66564)
115547#(0.09, 1.21, 0.71)#(0.13913, 0.77737, -0.20782, 0.57719)
115548#(0.10, 1.22, 0.71)#(0.13400, 0.75878, -0.18658, 0.60950)
115549#(0.11, 1.22, 0.73)#(0.13666, 0.75199, -0.17606, 0.62036)
115550#(0.11, 1.23, 0.73)#(0.14032, 0.75402, -0.16919, 0.61899)
115551#(0.12, 1.23, 0.73)#(0.14258, 0.75329, -0.16934, 0.61932)
115552#(0.12, 1.22, 0.73)#(0.14587, 0.75092, -0.17219, 0.62063)
115553#(0.12, 1.22, 0.73)#(0.14758, 0.75603, -0.16613, 0.61566)
115554#(0.12, 1.23, 0.74)#(0.14959, 0.75715, -0.16445, 0.61425)
115555#(0.13, 1.22, 0.74)#(0.15031, 0.75444, -0.16529, 0.61717)
115556#(0.14, 1.21, 0.67)#(0.16032, 0.80336, -0.21625, 0.53117)
115557#(0.23, 1.05, 0.57)#(0.38813, 0.57133, -0.36162, 0.62624)
115558#(0.23, 1.06, 0.67)#(0.38907, 0.54464, -0.34928, 0.65574)
115559#(0.24, 1.07, 0.59)#(0.35202, 0.64234, -0.34477, 0.58704)
115600#(0.16, 1.15, 0.21)#(0.18057, 0.84243, -0.36416, 0.35369)
115601#(0.52, 1.15, -0.09)#(0.18823, 0.83192, -0.35063, 0.38670)
115602#(0.63, 1.14, -0.12)#(0.38891, 0.49538, -0.25497, 0.73372)
115603#(0.59, 1.14, 0.02)#(0.36505, 0.51836, -0.26691, 0.72581)
115604#(0.61, 1.12, -0.01)#(0.35883, 0.58831, -0.33118, 0.64456)
115605#(0.63, 1.09, -0.01)#(0.38072, 0.59241, -0.34987, 0.61782)
115606#(0.69, 1.08, -0.06)#(0.39234, 0.60637, -0.35934, 0.59098)
115607#(0.70, 1.10, -0.23)#(0.34152, 0.67287, -0.37990, 0.53505)
115608#(0.61, 1.12, 0.02)#(0.43770, 0.32757, -0.17752, 0.81829)
115609#(0.44, 1.14, 0.29)#(-0.45231, -0.02062, 0.01339, -0.89152)
115610#(0.55, 1.16, 0.34)#(-0.40324, 0.06842, -0.03713, -0.91178)
115611#(0.30, 1.15, 0.41)#(-0.39382, 0.25268, -0.12251, -0.87524)
115612#(0.17, 1.15, 0.42)#(-0.36855, 0.28170, -0.12791, -0.87662)
115613#(0.04, 1.15, 0.46)#(-0.31418, 0.52802, -0.21794, -0.75828)
115614#(0.04, 1.21, 0.35)#(-0.10314, 0.86068, -0.14535, -0.47694)
115615#(-0.16, 1.24, 0.08)#(-0.08966, 0.78357, -0.08812, -0.60845)
115616#(-0.59, 1.25, 0.08)#(-0.03517, 0.76918, -0.05567, -0.63563)
115617#(-1.13, 1.25, -0.09)#(-0.05700, 0.73756, -0.06857, -0.66937)
115618#(-1.08, 1.25, -0.22)#(-0.07944, 0.63890, -0.05114, -0.76347)
115619#(-0.99, 1.26, -0.11)#(-0.07021, 0.63737, -0.06435, -0.76465)
115620#(-0.93, 1.26, -0.05)#(-0.04691, 0.69391, -0.05335, -0.71655)
115621#(-0.96, 1.17, 0.02)#(-0.19101, 0.54833, -0.11316, -0.80625)
115622#(-0.93, 1.26, -0.03)#(-0.02138, 0.68588, -0.01256, -0.72730)
115623#(-0.95, 1.25, -0.03)#(-0.03580, 0.70986, -0.02855, -0.70285)
115624#(-0.84, 1.09, 0.19)#(-0.37061, 0.20239, -0.09469, -0.90151)