040850#(0.22, 1.34, 0.13)#(0.15572, 0.39826, -0.10266, 0.89811)
040851#(-0.07, 1.37, 0.11)#(0.13088, 0.16924, -0.03936, 0.97605)
040852#(-0.06, 1.43, 0.01)#(0.08841, 0.08004, -0.01808, 0.99270)
040853#(-0.16, 1.44, 0.03)#(0.09041, -0.02575, -0.00636, 0.99555)
040854#(0.35, 1.42, 0.02)#(0.10722, 0.55619, -0.06237, 0.82174)
040855#(0.20, 1.42, -0.14)#(-0.04931, -0.88983, 0.08725, -0.44515)
040856#(0.04, 1.43, -0.18)#(-0.03664, -0.97763, 0.09594, -0.18355)
040857#(-0.21, 1.45, -0.17)#(-0.00940, -0.99305, 0.08965, 0.07574)
040858#(-0.28, 1.45, -0.02)#(0.01962, -0.90653, 0.08731, 0.41254)
040859#(-0.34, 1.43, 0.03)#(0.04782, -0.87865, 0.09186, 0.46610)
040900#(-0.42, 1.38, -0.17)#(0.10029, -0.69980, 0.10244, 0.69981)
040901#(-0.25, 1.38, -0.37)#(0.13139, -0.60470, 0.07688, 0.78177)
040902#(-0.50, 1.37, -0.11)#(0.10524, -0.65289, 0.11394, 0.74140)
040903#(-0.81, 1.34, -0.04)#(0.10410, -0.70003, 0.07660, 0.70232)
040904#(-0.88, 1.35, -0.02)#(0.10099, -0.73415, 0.07027, 0.66775)
040905#(-0.87, 1.37, -0.02)#(0.07474, -0.73010, 0.06735, 0.67589)
040906#(-0.84, 1.40, -0.01)#(0.07203, -0.73100, 0.06400, 0.67554)
040907#(-0.82, 1.41, 0.00)#(0.07419, -0.74097, 0.05525, 0.66514)
040908#(-0.80, 1.41, 0.00)#(0.07330, -0.75154, 0.04575, 0.65401)
040909#(-0.79, 1.42, 0.00)#(0.06466, -0.75907, 0.03846, 0.64665)
040910#(-0.80, 1.42, 0.00)#(0.06288, -0.76388, 0.03984, 0.64105)
040911#(-0.80, 1.43, -0.02)#(0.05781, -0.76736, 0.04026, 0.63734)
040912#(-0.79, 1.43, -0.01)#(0.05542, -0.76618, 0.04020, 0.63897)
040913#(-0.64, 1.38, -0.04)#(0.09220, -0.75166, 0.10131, 0.64516)
040914#(-0.28, 1.32, -0.35)#(0.10944, -0.58936, 0.12529, 0.79056)
040915#(-0.13, 1.28, -0.68)#(0.22603, -0.39345, 0.08201, 0.88735)
040916#(-0.13, 1.29, -0.86)#(0.26740, -0.32731, 0.07860, 0.90288)
040917#(-0.22, 1.18, -0.98)#(0.40687, -0.43093, 0.13883, 0.79340)
040918#(-0.56, 1.13, -1.23)#(0.44670, -0.34087, 0.13888, 0.81546)
040919#(-0.49, 1.17, -1.23)#(0.43565, -0.23183, 0.11097, 0.86264)
040920#(-0.42, 1.23, -1.22)#(0.36500, -0.24186, 0.07024, 0.89629)
040921#(-0.49, 1.22, -1.23)#(0.37609, -0.37467, 0.11817, 0.83918)
040922#(-0.46, 1.20, -1.24)#(0.40531, -0.34410, 0.12251, 0.83804)
040923#(-0.43, 1.19, -1.21)#(0.41915, -0.32137, 0.11625, 0.84114)
040924#(-0.36, 1.14, -1.18)#(0.45261, -0.31131, 0.00943, 0.83555)
040925#(-0.33, 1.14, -1.18)#(0.45381, -0.30465, -0.03187, 0.83680)
040926#(-0.32, 1.16, -1.18)#(0.43352, -0.30597, -0.02153, 0.84734)
040927#(-0.36, 1.18, -1.22)#(0.41170, -0.37231, 0.00456, 0.83179)
040928#(-0.34, 1.12, -1.16)#(0.46253, -0.28374, -0.04553, 0.83874)
040929#(-0.30, 1.02, -0.98)#(0.50315, -0.29079, -0.00148, 0.81381)
040930#(-0.50, 0.82, -0.85)#(0.56014, -0.01359, -0.19409, 0.80522)
040931#(-0.69, 0.66, -0.89)#(0.49521, 0.27572, -0.28251, 0.77391)
040932#(-0.70, 0.77, -0.92)#(0.44602, 0.31660, -0.26875, 0.79285)
040933#(-0.67, 0.79, -0.93)#(0.45834, 0.28555, -0.25317, 0.80268)
040934#(-0.67, 0.94, -0.96)#(0.52946, 0.13629, -0.20019, 0.81303)
040935#(-0.69, 1.01, -1.10)#(0.52917, 0.00722, -0.07476, 0.84518)
040936#(-0.74, 1.16, -1.13)#(0.38155, -0.06749, -0.05467, 0.92026)
040937#(-0.73, 1.27, -1.09)#(0.25129, -0.09420, -0.04048, 0.96247)
040938#(-0.58, 1.29, -0.91)#(0.22701, -0.19670, -0.00505, 0.95381)
040939#(-0.61, 1.36, -0.41)#(0.12361, -0.41880, 0.02509, 0.89928)
040940#(-0.64, 1.37, -0.13)#(0.10921, -0.64011, 0.06255, 0.75790)
040941#(-0.84, 1.33, -0.09)#(0.10712, -0.66435, 0.05881, 0.73736)
040942#(-0.86, 1.33, -0.07)#(0.10372, -0.66351, 0.06097, 0.73843)
040943#(-0.83, 1.37, -0.04)#(0.07875, -0.65504, 0.04020, 0.75040)
040944#(-0.76, 1.39, -0.04)#(0.06491, -0.64256, 0.05605, 0.76142)
040945#(-0.75, 1.39, -0.04)#(0.06746, -0.64920, 0.05558, 0.75558)
040946#(-0.67, 1.37, 0.04)#(0.09305, -0.50642, 0.06386, 0.85487)
040947#(-0.51, 1.35, 0.14)#(0.15110, -0.33872, 0.05017, 0.92732)
040948#(-0.38, 1.30, 0.17)#(0.24407, -0.05966, 0.00691, 0.96790)
040949#(-0.32, 1.29, 0.16)#(0.22547, 0.02796, -0.03416, 0.97325)
040950#(-0.34, 1.32, 0.19)#(0.20256, -0.01011, -0.01897, 0.97903)
040951#(-0.25, 1.39, 0.04)#(0.11274, -0.06574, -0.00767, 0.99142)
040952#(-0.16, 1.36, -0.29)#(0.16339, -0.12173, 0.00794, 0.97899)
040953#(-0.19, 1.33, -0.41)#(0.18974, -0.26196, 0.03125, 0.94573)
040954#(-0.16, 1.35, -0.41)#(0.17406, -0.23596, 0.06331, 0.95395)
040955#(-0.21, 1.34, -0.41)#(0.19958, -0.28802, 0.07023, 0.93396)
040956#(-0.19, 1.33, -0.40)#(0.20888, -0.27265, 0.06516, 0.93690)
040957#(-0.20, 1.34, -0.41)#(0.20677, -0.27150, 0.07410, 0.93704)
040958#(-0.20, 1.34, -0.41)#(0.20163, -0.26203, 0.07119, 0.94107)
040959#(-0.17, 1.33, -0.40)#(0.20831, -0.20017, 0.08738, 0.95337)
041000#(-0.07, 1.33, -0.37)#(0.21950, -0.13340, 0.04726, 0.96529)
041001#(0.26, 1.29, -0.15)#(0.24043, 0.23220, -0.06634, 0.94015)
041002#(0.50, 1.19, 0.07)#(0.33423, 0.31036, -0.16279, 0.87491)
041003#(0.56, 1.14, 0.13)#(0.35525, 0.42748, -0.23054, 0.79869)
041004#(0.57, 1.14, 0.10)#(0.32144, 0.44579, -0.25588, 0.79528)
041005#(0.60, 1.14, 0.03)#(0.33232, 0.51110, -0.27393, 0.74385)
041006#(0.62, 1.13, 0.01)#(0.34646, 0.52607, -0.28887, 0.72095)
041007#(0.64, 1.13, 0.02)#(0.35782, 0.51767, -0.29019, 0.72096)
041008#(0.68, 1.12, 0.03)#(0.35983, 0.52229, -0.29423, 0.71496)
041009#(0.69, 1.12, -0.01)#(0.34313, 0.53655, -0.31351, 0.70434)
041010#(0.64, 1.11, 0.06)#(0.38089, 0.44279, -0.28724, 0.75918)
041011#(0.63, 1.09, 0.08)#(0.40329, 0.42238, -0.28123, 0.76148)
041012#(0.62, 1.10, 0.05)#(0.37107, 0.43120, -0.28468, 0.77157)
041013#(0.62, 1.10, 0.03)#(0.36303, 0.44589, -0.28484, 0.76698)
041014#(0.62, 1.10, 0.03)#(0.36163, 0.44690, -0.29034, 0.76499)
041015#(0.62, 1.08, 0.04)#(0.38776, 0.43578, -0.29629, 0.75627)
041016#(0.62, 1.07, 0.02)#(0.39634, 0.44953, -0.30560, 0.73990)
041017#(0.53, 1.10, 0.06)#(0.38245, 0.48310, -0.27964, 0.73631)
041018#(0.35, 1.15, -0.05)#(0.33907, 0.50488, -0.26255, 0.74913)
041019#(0.11, 1.17, 0.10)#(0.28991, 0.55380, -0.26204, 0.73525)
041020#(0.02, 1.24, 0.13)#(0.26419, 0.47389, -0.15867, 0.82490)
041021#(-0.02, 1.27, 0.12)#(0.23198, 0.49206, -0.14786, 0.82595)
041022#(-0.02, 1.29, 0.12)#(0.19755, 0.49772, -0.14148, 0.83261)
041023#(-0.03, 1.29, 0.12)#(0.19728, 0.48769, -0.12927, 0.84055)
041024#(-0.04, 1.29, 0.13)#(0.19356, 0.48711, -0.12061, 0.84304)
041025#(-0.02, 1.29, 0.13)#(0.19555, 0.50657, -0.11478, 0.83185)
041026#(0.00, 1.29, 0.14)#(0.20574, 0.52237, -0.10637, 0.82066)
041027#(0.00, 1.29, 0.15)#(0.19928, 0.52359, -0.10229, 0.82199)
041028#(-0.01, 1.29, 0.16)#(0.18741, 0.52469, -0.10072, 0.82427)
041029#(0.01, 1.30, 0.17)#(0.15978, 0.51437, -0.11054, 0.83527)
041030#(0.03, 1.31, 0.04)#(0.19750, 0.15466, -0.05907, 0.96622)
041031#(-0.11, 1.30, -0.13)#(0.17702, 0.03734, -0.01582, 0.98337)
041032#(-0.01, 1.30, -0.23)#(0.18109, 0.11324, -0.01997, 0.97672)
041033#(0.00, 1.31, -0.25)#(0.16904, 0.24799, -0.03736, 0.95317)
041034#(0.04, 1.30, -0.26)#(0.17655, 0.26259, -0.06535, 0.94636)
041035#(0.05, 1.30, -0.25)#(0.17889, 0.26300, -0.05424, 0.94651)
041036#(0.05, 1.29, -0.28)#(0.19022, 0.17472, -0.05979, 0.96422)
041037#(0.04, 1.29, -0.28)#(0.20232, 0.22403, -0.03846, 0.95258)
041038#(0.00, 1.27, -0.03)#(0.24073, 0.32670, -0.07550, 0.91083)
041039#(0.00, 1.28, 0.28)#(0.18610, 0.52800, -0.14167, 0.81640)
041040#(-0.12, 1.30, 0.32)#(0.19052, 0.57147, -0.09491, 0.79254)
041041#(-0.16, 1.30, 0.34)#(0.16457, 0.57128, -0.12321, 0.79459)
041042#(-0.17, 1.30, 0.36)#(0.15563, 0.58285, -0.11294, 0.78950)
041043#(-0.16, 1.30, 0.35)#(0.15936, 0.59288, -0.11653, 0.78072)
041044#(-0.17, 1.30, 0.34)#(0.16091, 0.60731, -0.12069, 0.76858)
041045#(-0.20, 1.21, 0.29)#(0.19773, 0.63143, -0.23651, 0.71152)
041046#(-0.15, 1.17, 0.25)#(-0.20465, -0.64867, 0.29159, -0.67255)
041047#(0.02, 1.11, 0.24)#(0.23983, 0.62021, -0.25723, 0.70118)
041048#(0.08, 1.11, 0.20)#(-0.17705, -0.71443, 0.27682, -0.61775)
041049#(0.26, 1.06, 0.18)#(-0.23312, -0.68947, 0.39765, -0.55872)
041050#(0.21, 1.09, 0.17)#(-0.22084, -0.71619, 0.35480, -0.55895)
041051#(0.40, 0.87, 0.16)#(-0.26850, -0.66151, 0.38297, -0.58621)
041052#(0.39, 0.90, 0.16)#(-0.25352, -0.66930, 0.38101, -0.58532)
041053#(0.37, 0.92, 0.15)#(-0.24878, -0.67113, 0.36836, -0.59330)
041054#(0.22, 1.04, 0.21)#(-0.20970, -0.71091, 0.39651, -0.54167)
041055#(0.14, 1.09, 0.15)#(-0.23566, -0.67009, 0.36804, -0.60000)
041056#(0.13, 1.10, 0.15)#(-0.19674, -0.70059, 0.36696, -0.57949)
041057#(0.12, 1.11, 0.18)#(-0.19294, -0.69649, 0.35636, -0.59219)
041058#(0.25, 1.10, 0.11)#(-0.26557, -0.63335, 0.34261, -0.64106)
041059#(0.67, 1.05, 0.14)#(0.33406, 0.57813, -0.33558, 0.66449)
041100#(0.66, 1.08, 0.07)#(0.32754, 0.59901, -0.33491, 0.64942)
041101#(0.64, 1.05, 0.07)#(-0.32898, -0.59506, 0.36937, -0.63344)
041102#(0.65, 1.06, 0.04)#(-0.31443, -0.61657, 0.37765, -0.61511)
041103#(0.63, 1.07, 0.02)#(-0.29080, -0.64649, 0.38761, -0.58928)
041104#(0.64, 1.06, 0.02)#(-0.29183, -0.64703, 0.38606, -0.58919)
041105#(0.64, 1.07, 0.02)#(-0.29411, -0.64413, 0.37889, -0.59586)
041106#(0.64, 1.07, 0.03)#(-0.29137, -0.64805, 0.37740, -0.59389)
041107#(0.64, 1.06, 0.04)#(-0.29853, -0.64696, 0.37303, -0.59428)
041108#(0.64, 1.03, 0.03)#(-0.28795, -0.64437, 0.41030, -0.57752)
041109#(0.65, 1.06, 0.03)#(-0.27927, -0.64886, 0.38337, -0.59500)
041110#(0.65, 1.06, 0.03)#(-0.27531, -0.65705, 0.38728, -0.58523)
041111#(0.65, 1.06, 0.03)#(-0.27270, -0.65837, 0.38268, -0.58800)
041112#(0.66, 1.07, 0.04)#(-0.28800, -0.64489, 0.37538, -0.60022)
041113#(0.67, 1.09, 0.01)#(-0.30494, -0.63491, 0.38491, -0.59644)
041114#(0.66, 1.09, 0.00)#(-0.30217, -0.64398, 0.37906, -0.59186)
041115#(0.68, 1.10, 0.10)#(0.33693, 0.55412, -0.33736, 0.68236)
041116#(0.72, 1.08, 0.15)#(0.35590, 0.54086, -0.33656, 0.68376)
041117#(0.72, 1.08, 0.10)#(0.36859, 0.49959, -0.31275, 0.71884)
041118#(0.72, 1.07, 0.08)#(0.35272, 0.49896, -0.32358, 0.72245)
041119#(0.72, 1.08, 0.08)#(0.35428, 0.49157, -0.30619, 0.73423)
041120#(0.73, 1.08, 0.06)#(0.34454, 0.47497, -0.30932, 0.74834)
041121#(0.74, 1.08, 0.07)#(0.34625, 0.49368, -0.30754, 0.73608)
041122#(0.74, 1.08, 0.06)#(0.34129, 0.49058, -0.31252, 0.73837)
041123#(0.73, 1.08, 0.06)#(0.33889, 0.48755, -0.30503, 0.74459)
041124#(0.71, 1.08, 0.07)#(0.33192, 0.48770, -0.30932, 0.74586)
041125#(0.50, 1.11, 0.07)#(0.27343, 0.52219, -0.29139, 0.75343)
041126#(0.28, 1.15, 0.07)#(0.24646, 0.50490, -0.29599, 0.77248)
041127#(0.25, 1.16, 0.04)#(0.23688, 0.56631, -0.31136, 0.72542)
041128#(0.34, 1.14, 0.00)#(0.26202, 0.55257, -0.31458, 0.72599)
041129#(0.53, 1.09, 0.20)#(-0.28735, -0.58312, 0.36812, -0.66475)
041130#(0.58, 1.04, 0.16)#(-0.33830, -0.59435, 0.41315, -0.60134)
041131#(0.69, 1.02, 0.21)#(0.42329, 0.55728, -0.38865, 0.59934)
041132#(0.70, 0.98, 0.19)#(-0.43546, -0.56038, 0.42765, -0.55988)
041133#(0.68, 1.00, 0.16)#(-0.38509, -0.57343, 0.43290, -0.57921)
041134#(0.67, 1.01, 0.16)#(-0.36899, -0.58499, 0.42225, -0.58595)
041135#(0.57, 1.03, 0.17)#(-0.32368, -0.61926, 0.40676, -0.58847)
041136#(0.29, 1.07, 0.15)#(-0.25538, -0.63946, 0.38194, -0.61643)
041137#(0.23, 1.07, 0.15)#(-0.24492, -0.64863, 0.36405, -0.62190)
041138#(0.23, 1.09, 0.14)#(-0.25448, -0.64928, 0.34842, -0.62632)
041139#(0.22, 1.10, 0.15)#(-0.24298, -0.65968, 0.33551, -0.62708)
041140#(0.11, 1.11, 0.14)#(-0.19384, -0.70785, 0.37468, -0.56656)
041141#(0.01, 1.13, 0.27)#(-0.16698, -0.72859, 0.38675, -0.54010)
041142#(0.00, 1.14, 0.21)#(-0.19488, -0.67667, 0.36396, -0.60965)
041143#(-0.03, 1.18, 0.22)#(-0.19095, -0.69190, 0.33107, -0.61254)
041144#(-0.04, 1.18, 0.25)#(-0.20842, -0.67402, 0.31377, -0.63546)
041145#(-0.03, 1.18, 0.26)#(-0.22102, -0.66923, 0.31389, -0.63620)
041146#(0.12, 1.15, 0.13)#(-0.25010, -0.66463, 0.32445, -0.62485)
041147#(0.59, 1.08, 0.07)#(-0.30661, -0.63840, 0.38161, -0.59398)
041148#(0.62, 1.18, 0.07)#(0.38358, 0.53447, -0.32964, 0.67716)
041149#(0.62, 1.20, 0.04)#(0.35002, 0.59797, -0.33131, 0.64043)
041150#(0.61, 1.20, 0.01)#(-0.32736, -0.62156, 0.34771, -0.62097)
041151#(0.69, 1.16, -0.02)#(-0.35390, -0.61158, 0.38910, -0.59104)
041152#(0.78, 1.14, 0.01)#(-0.37578, -0.61204, 0.42277, -0.55268)
041153#(0.77, 1.15, -0.01)#(-0.36138, -0.62852, 0.42149, -0.54471)
041154#(0.78, 1.15, -0.01)#(-0.35623, -0.62916, 0.42264, -0.54647)
041155#(0.77, 1.15, -0.01)#(-0.34820, -0.63110, 0.41995, -0.55146)
041156#(0.78, 1.15, -0.01)#(-0.34354, -0.63378, 0.42146, -0.55016)
041157#(0.78, 1.15, 0.00)#(-0.34614, -0.63057, 0.42088, -0.55265)
041158#(0.77, 1.16, 0.01)#(-0.32125, -0.65155, 0.41195, -0.55007)
041159#(0.75, 1.18, -0.01)#(-0.29938, -0.65644, 0.40540, -0.56134)
041200#(0.75, 1.17, -0.01)#(-0.30539, -0.66015, 0.41188, -0.54890)
041201#(0.74, 1.17, -0.03)#(-0.29565, -0.66884, 0.42192, -0.53593)
041202#(0.74, 1.16, -0.02)#(-0.29630, -0.66009, 0.42929, -0.54055)
041203#(0.74, 1.17, -0.02)#(-0.29446, -0.66101, 0.42249, -0.54576)
041204#(0.73, 1.18, -0.01)#(-0.29774, -0.66794, 0.40936, -0.54557)
041205#(0.71, 1.19, 0.01)#(-0.27983, -0.67789, 0.39446, -0.55368)
041206#(0.67, 1.25, 0.08)#(0.27432, 0.52133, -0.26642, 0.76288)
041207#(0.18, 1.23, -0.08)#(0.39099, -0.02258, -0.08389, 0.91629)
041208#(-0.10, 1.24, -0.27)#(0.37532, -0.14157, -0.00391, 0.91601)
041209#(-0.29, 1.26, -0.16)#(0.31390, -0.43441, 0.09140, 0.83929)
041210#(-0.69, 1.26, -0.01)#(0.25187, -0.57418, 0.17293, 0.75959)
041211#(-0.65, 1.28, -0.10)#(0.18071, -0.60808, 0.13911, 0.76041)
041212#(-0.68, 1.29, -0.11)#(0.16473, -0.60589, 0.13479, 0.76654)
041213#(-0.68, 1.30, -0.09)#(0.14876, -0.60388, 0.15661, 0.76725)
041214#(-0.71, 1.34, -0.06)#(0.14872, -0.59396, 0.09846, 0.78448)
041215#(-0.29, 1.29, 0.08)#(0.25372, 0.00270, -0.02929, 0.96683)
041216#(0.05, 1.11, 0.32)#(0.20406, 0.61377, -0.28840, 0.70602)
041217#(0.06, 0.72, 0.30)#(0.24857, 0.59169, -0.22180, 0.73411)
041218#(0.08, 0.66, 0.29)#(0.22632, 0.58484, -0.24229, 0.74029)
041219#(0.09, 0.67, 0.30)#(0.21957, 0.59777, -0.22557, 0.73728)
041220#(0.03, 1.01, 0.33)#(0.12383, 0.60163, -0.16954, 0.77069)
041221#(-0.05, 1.23, 0.24)#(-0.14228, -0.66057, 0.22300, -0.70262)
041222#(-0.07, 1.21, 0.21)#(-0.18781, -0.69095, 0.27865, -0.64005)
041223#(-0.09, 1.19, 0.20)#(-0.21276, -0.69799, 0.30622, -0.61137)
041224#(-0.10, 1.21, 0.20)#(-0.21548, -0.68850, 0.28854, -0.62951)
041225#(0.04, 1.21, 0.02)#(-0.21948, -0.71530, 0.26109, -0.60993)
041226#(0.33, 1.23, -0.04)#(0.22672, 0.64047, -0.20076, 0.70576)
041227#(0.38, 1.23, -0.08)#(0.26818, 0.51518, -0.22086, 0.78351)
041228#(0.27, 1.23, -0.06)#(0.31125, 0.15100, -0.08708, 0.93421)
041229#(0.20, 1.24, -0.16)#(0.28612, 0.05471, -0.10131, 0.95125)
041230#(0.15, 1.26, -0.16)#(0.26645, 0.06702, -0.08168, 0.95804)
041231#(0.15, 1.26, -0.17)#(0.26495, 0.07359, -0.07391, 0.95860)
041232#(0.13, 1.24, -0.10)#(0.35085, 0.03135, -0.04478, 0.93484)
041233#(0.18, 1.22, -0.12)#(0.37840, 0.12127, -0.08407, 0.91381)
041234#(0.16, 1.23, -0.13)#(0.34752, 0.10327, -0.07830, 0.92867)
041235#(0.16, 1.23, -0.14)#(0.33687, 0.10445, -0.07551, 0.93269)
041236#(0.16, 1.24, -0.13)#(0.33768, 0.10071, -0.06583, 0.93354)
041237#(0.14, 1.24, -0.13)#(0.33026, 0.07695, -0.05311, 0.93925)
041238#(0.10, 1.24, -0.13)#(0.33003, -0.01015, -0.02130, 0.94368)
041239#(0.14, 1.24, -0.13)#(0.32490, 0.09725, -0.05132, 0.93933)
041240#(0.14, 1.24, -0.14)#(0.33112, 0.07473, -0.06080, 0.93866)
041241#(0.12, 1.25, -0.14)#(0.32179, 0.02773, -0.03722, 0.94567)
041242#(0.08, 1.24, -0.15)#(0.33159, -0.05734, 0.00124, 0.94168)
041243#(0.05, 1.25, -0.15)#(0.31887, -0.10348, 0.02143, 0.94189)
041244#(-0.02, 1.25, -0.13)#(0.30315, -0.21273, 0.05642, 0.92718)
041245#(-0.06, 1.24, -0.10)#(0.31594, -0.26039, 0.07174, 0.90952)
041246#(-0.23, 1.31, -0.23)#(0.20892, -0.45773, 0.09104, 0.85939)
041247#(-0.09, 1.28, -0.50)#(0.26478, -0.37877, 0.09952, 0.88120)
041248#(-0.14, 1.27, -0.80)#(0.24489, -0.15747, 0.02183, 0.95643)
041249#(-0.06, 1.30, -0.85)#(0.22092, -0.10649, 0.00126, 0.96946)
041250#(-0.03, 1.31, -0.86)#(0.20188, -0.01578, -0.00665, 0.97926)
041251#(-0.03, 1.31, -0.86)#(0.19486, 0.00274, -0.00831, 0.98079)
041252#(-0.02, 1.32, -0.87)#(0.18683, 0.03638, -0.01704, 0.98157)
041253#(-0.01, 1.33, -0.87)#(0.18147, 0.04688, -0.01632, 0.98214)
041254#(-0.01, 1.33, -0.89)#(0.17484, 0.05211, -0.02005, 0.98301)
041255#(0.00, 1.33, -0.90)#(0.16704, 0.04340, -0.02198, 0.98475)
041256#(0.00, 1.34, -0.90)#(0.16113, 0.04625, -0.01785, 0.98569)
041257#(0.00, 1.34, -0.90)#(0.15532, 0.05027, -0.02279, 0.98632)
041258#(-0.01, 1.34, -0.90)#(0.15571, 0.03942, -0.02227, 0.98676)
041259#(-0.11, 1.32, -0.85)#(0.17777, -0.01231, -0.02511, 0.98367)
041300#(-0.14, 1.33, -0.49)#(0.17292, -0.08770, -0.01001, 0.98097)
041301#(-0.25, 1.35, -0.44)#(0.15193, -0.15143, -0.00588, 0.97670)
041302#(-0.43, 1.40, -0.32)#(0.01889, -0.58972, 0.03297, 0.80671)
041303#(-0.51, 1.41, -0.30)#(0.00842, -0.60525, 0.04021, 0.79497)
041304#(-0.52, 1.40, -0.29)#(0.01519, -0.58366, 0.06039, 0.80961)
041305#(-0.51, 1.40, -0.30)#(0.02499, -0.61171, 0.02946, 0.79014)
041306#(-0.51, 1.40, -0.28)#(0.03175, -0.58998, 0.02116, 0.80652)
041307#(-0.51, 1.40, -0.28)#(0.03364, -0.58481, 0.02178, 0.81018)
041308#(-0.51, 1.40, -0.28)#(0.02893, -0.58682, 0.02062, 0.80894)
041309#(-0.51, 1.39, -0.29)#(0.03427, -0.57964, 0.02854, 0.81365)
041310#(-0.51, 1.39, -0.29)#(0.04204, -0.58080, 0.03199, 0.81233)
041311#(-0.52, 1.39, -0.28)#(0.03907, -0.58626, 0.02820, 0.80869)
041312#(-0.51, 1.40, -0.27)#(0.03769, -0.59157, 0.01469, 0.80523)
041313#(-0.54, 1.38, -0.31)#(0.05779, -0.59026, 0.04616, 0.80382)
041314#(-0.41, 1.35, -0.48)#(0.09739, -0.60470, 0.04077, 0.78943)
041315#(-0.22, 1.30, -0.76)#(0.15448, -0.47193, 0.03548, 0.86727)
041316#(-0.05, 1.30, -0.87)#(0.16806, -0.37538, 0.01554, 0.91137)
041317#(-0.02, 1.32, -0.89)#(0.16098, -0.36992, 0.02746, 0.91460)
041318#(0.02, 1.28, -0.86)#(0.25204, -0.23950, 0.02742, 0.93721)
041319#(0.04, 1.27, -0.85)#(0.26225, -0.16792, -0.00040, 0.95028)
041320#(0.00, 1.31, -0.81)#(0.18587, -0.25514, 0.01378, 0.94877)
041321#(0.02, 1.30, -0.81)#(0.20273, -0.23281, 0.00671, 0.95113)
041322#(0.03, 1.29, -0.81)#(0.20393, -0.20486, 0.00056, 0.95731)
041323#(0.06, 1.30, -0.82)#(0.20277, -0.14028, -0.01388, 0.96903)
041324#(0.07, 1.29, -0.83)#(0.20585, -0.10618, -0.01541, 0.97268)
041325#(0.03, 1.29, -0.82)#(0.20458, -0.07608, -0.01828, 0.97572)
041326#(0.11, 1.29, -0.48)#(0.19823, -0.06994, -0.02806, 0.97725)
041327#(0.08, 1.28, 0.05)#(0.19208, -0.02468, -0.03436, 0.98047)
041328#(-0.06, 1.24, 0.51)#(0.24628, -0.19836, 0.00285, 0.94868)
041329#(-0.33, 1.22, 0.54)#(0.24223, -0.03152, -0.00324, 0.96970)
041330#(-0.66, 1.04, 0.84)#(0.22665, 0.11261, 0.01808, 0.96728)
041331#(-0.59, 1.10, 0.79)#(0.21207, 0.11494, 0.01270, 0.97039)
041332#(-0.18, 1.22, 0.35)#(0.31266, -0.02520, 0.02019, 0.94932)
041333#(0.09, 1.25, -0.09)#(0.26701, -0.04377, -0.00896, 0.96266)
041334#(0.29, 1.25, -0.31)#(0.26819, -0.15961, -0.01779, 0.94988)
041335#(0.23, 1.27, -0.32)#(0.23270, -0.17887, -0.00259, 0.95596)
041336#(0.24, 1.28, -0.30)#(0.18555, -0.16572, -0.00608, 0.96854)
041337#(0.15, 1.31, -0.35)#(0.16225, -0.25703, -0.00046, 0.95269)
041338#(0.15, 1.33, -0.37)#(0.14108, -0.24439, 0.00200, 0.95936)
041339#(0.20, 1.32, -0.32)#(0.18155, -0.16782, 0.01696, 0.96881)
041340#(0.22, 1.32, -0.30)#(0.17995, -0.15495, 0.01997, 0.97119)
041341#(0.21, 1.32, -0.32)#(0.16778, -0.15822, 0.03249, 0.97250)
041342#(0.20, 1.33, -0.34)#(0.15660, -0.15597, 0.04678, 0.97415)
041343#(0.25, 1.31, -0.34)#(0.18881, -0.10892, 0.02349, 0.97567)
041344#(0.24, 1.32, -0.36)#(0.16368, -0.12488, 0.00753, 0.97855)
041345#(0.25, 1.30, -0.37)#(0.19285, -0.11395, -0.00305, 0.97458)
041346#(0.19, 1.27, -0.35)#(0.26411, -0.29530, 0.05123, 0.91674)
041347#(0.19, 1.28, -0.35)#(0.24684, -0.29224, 0.05602, 0.92224)
041348#(0.20, 1.28, -0.36)#(0.22085, -0.28643, 0.03810, 0.93152)
041349#(0.21, 1.28, -0.37)#(0.22260, -0.27911, 0.02397, 0.93379)
041350#(0.22, 1.28, -0.39)#(0.21317, -0.26699, 0.03134, 0.93931)
041351#(0.20, 1.29, -0.39)#(0.19722, -0.27918, 0.04230, 0.93881)
041352#(0.22, 1.31, -0.39)#(0.18682, -0.29156, 0.03326, 0.93754)
041353#(0.23, 1.31, -0.43)#(0.17122, -0.32242, 0.02687, 0.93059)
041354#(0.24, 1.32, -0.43)#(0.17040, -0.31187, 0.02171, 0.93447)
041355#(0.22, 1.29, -0.52)#(0.19987, -0.32471, 0.05449, 0.92285)
041356#(0.08, 1.26, -0.90)#(0.21704, -0.10795, 0.02747, 0.96979)
041357#(-0.07, 1.27, -1.27)#(0.21210, -0.02550, -0.00853, 0.97688)
041358#(-0.10, 1.29, -1.34)#(0.16531, 0.10454, -0.00726, 0.98066)
041359#(-0.06, 1.29, -1.35)#(0.17394, 0.13943, -0.02211, 0.97458)
041400#(0.01, 1.23, -1.12)#(0.23467, 0.17609, -0.04988, 0.95469)
041401#(0.24, 1.25, -0.53)#(0.20220, 0.21838, -0.05963, 0.95282)
041402#(0.51, 1.25, -0.08)#(0.24440, 0.24822, -0.11269, 0.93057)
041403#(0.56, 1.22, 0.18)#(0.24253, 0.50628, -0.16036, 0.81188)
041404#(0.61, 1.23, 0.15)#(0.24758, 0.46394, -0.19612, 0.82764)
041405#(0.62, 1.18, 0.06)#(0.27454, 0.56379, -0.29366, 0.72148)
041406#(0.66, 1.11, 0.04)#(0.32971, 0.57736, -0.37324, 0.64703)
041407#(0.65, 1.08, 0.05)#(0.36365, 0.55459, -0.39254, 0.63726)
041408#(0.64, 1.10, 0.04)#(0.35582, 0.55571, -0.37623, 0.65040)
041409#(0.63, 1.10, 0.04)#(0.34284, 0.56800, -0.37839, 0.64549)
041410#(0.63, 1.11, 0.04)#(0.34044, 0.57727, -0.37454, 0.64076)
041411#(0.62, 1.11, 0.03)#(0.33347, 0.58395, -0.37227, 0.63970)
041412#(0.64, 1.11, 0.01)#(-0.32116, -0.59829, 0.38352, -0.62596)
041413#(0.71, 1.07, 0.01)#(-0.34849, -0.59185, 0.40921, -0.60068)
041414#(0.71, 1.08, -0.01)#(-0.27936, -0.60644, 0.40786, -0.62277)
041415#(0.70, 1.09, -0.01)#(-0.25273, -0.61346, 0.39714, -0.63410)
041416#(0.70, 1.09, 0.00)#(-0.26031, -0.60899, 0.39148, -0.63884)
041417#(0.69, 1.10, 0.01)#(-0.25648, -0.60345, 0.38774, -0.64786)
041418#(0.62, 1.14, 0.07)#(0.31040, 0.58816, -0.33881, 0.66553)
041419#(0.62, 1.13, 0.07)#(0.32975, 0.58235, -0.33683, 0.66233)
041420#(0.60, 1.13, 0.06)#(0.32732, 0.58992, -0.33147, 0.65954)
041421#(0.49, 1.16, 0.11)#(0.26841, 0.61954, -0.26150, 0.68974)
041422#(0.14, 1.21, 0.28)#(0.20468, 0.63560, -0.17744, 0.72293)
041423#(0.06, 1.24, 0.53)#(0.13328, 0.64124, -0.16956, 0.73641)
041424#(0.02, 1.25, 0.51)#(-0.11273, -0.69159, 0.16254, -0.69467)
041425#(0.01, 1.26, 0.52)#(-0.10001, -0.70136, 0.15499, -0.68853)
041426#(0.00, 1.27, 0.55)#(-0.10311, -0.67735, 0.14781, -0.71325)
041427#(0.00, 1.27, 0.56)#(0.11179, 0.67782, -0.13699, 0.71365)
041428#(0.01, 1.27, 0.55)#(0.11040, 0.68063, -0.13567, 0.71144)
041429#(0.02, 1.26, 0.54)#(-0.11338, -0.68043, 0.14237, -0.70985)
041430#(0.30, 1.23, 0.20)#(0.16866, 0.64509, -0.20662, 0.71604)
041431#(0.50, 1.21, 0.17)#(0.17301, 0.64409, -0.19761, 0.71845)
041432#(0.37, 1.21, 0.19)#(0.18710, 0.60918, -0.24312, 0.73129)
041433#(0.14, 1.21, 0.45)#(0.17310, 0.59299, -0.22890, 0.75233)
041434#(0.07, 1.24, 0.42)#(0.17566, 0.58499, -0.19086, 0.76844)
041435#(0.10, 1.23, 0.34)#(0.16047, 0.63567, -0.21357, 0.72427)
041436#(0.48, 1.21, 0.31)#(0.16271, 0.64792, -0.20930, 0.71408)
041437#(0.44, 1.20, 0.24)#(0.20922, 0.53862, -0.22732, 0.78386)
041438#(0.18, 1.22, 0.51)#(0.16036, 0.56285, -0.20271, 0.78510)
041439#(0.13, 1.23, 0.49)#(0.16392, 0.61065, -0.19679, 0.74934)
041440#(0.16, 1.24, 0.50)#(0.16789, 0.59909, -0.17020, 0.76416)
041441#(0.20, 1.24, 0.45)#(0.15688, 0.63503, -0.19458, 0.73093)
041442#(0.35, 1.19, 0.12)#(-0.21264, -0.69013, 0.24914, -0.64532)
041443#(0.64, 1.13, 0.05)#(-0.21117, -0.72558, 0.35430, -0.55084)
041444#(0.65, 1.16, 0.04)#(-0.19187, -0.72511, 0.33336, -0.57120)
041445#(0.65, 1.17, 0.02)#(-0.17531, -0.74104, 0.33029, -0.55771)
041446#(0.65, 1.16, 0.03)#(-0.19423, -0.71925, 0.34242, -0.57246)
041447#(0.64, 1.16, 0.03)#(-0.18768, -0.73076, 0.33533, -0.56420)
041448#(0.65, 1.16, 0.03)#(-0.19122, -0.72917, 0.34028, -0.56210)
041449#(0.65, 1.16, 0.03)#(-0.19342, -0.72771, 0.33146, -0.56848)
041450#(0.66, 1.16, 0.04)#(-0.19714, -0.72363, 0.32926, -0.57366)
041451#(0.65, 1.16, 0.03)#(-0.19985, -0.72442, 0.32461, -0.57438)
041452#(0.65, 1.17, 0.04)#(-0.19971, -0.71907, 0.32090, -0.58316)
041453#(0.66, 1.16, 0.03)#(-0.20417, -0.71624, 0.32511, -0.58276)
041454#(0.62, 1.15, 0.06)#(0.29003, 0.59657, -0.32212, 0.67545)
041455#(0.46, 1.18, -0.02)#(0.28299, 0.61118, -0.30377, 0.67387)
041456#(0.38, 1.19, 0.00)#(-0.23287, -0.64572, 0.27576, -0.67288)
041457#(-0.03, 1.23, -0.59)#(0.09062, -0.94252, 0.31605, -0.05956)
041458#(0.11, 1.18, -0.26)#(0.40690, -0.18330, 0.03818, 0.89408)
041459#(0.41, 1.18, -0.14)#(0.41922, -0.05929, -0.02036, 0.90572)
041500#(0.27, 1.18, 0.04)#(0.38051, 0.06973, -0.04665, 0.92096)
041501#(0.22, 1.26, -0.01)#(0.30209, 0.03024, 0.03915, 0.95200)
041502#(0.25, 1.25, -0.01)#(0.31618, 0.01470, 0.01491, 0.94847)
041503#(0.23, 1.24, -0.02)#(0.31957, 0.04446, 0.03288, 0.94595)
041504#(0.23, 1.25, -0.03)#(0.30388, 0.04063, 0.03417, 0.95123)
041505#(0.20, 1.20, -0.04)#(0.28303, 0.00010, 0.00528, 0.95910)
041506#(0.20, 1.22, -0.05)#(0.24785, 0.04027, -0.01383, 0.96786)
041507#(0.16, 1.17, 0.08)#(0.32658, 0.06587, -0.06789, 0.94042)
041508#(0.08, 1.10, 0.61)#(0.35893, 0.24939, -0.14560, 0.88757)
041509#(-0.11, 1.10, 0.74)#(0.35378, 0.46489, -0.24450, 0.77391)
041510#(-0.27, 1.12, 0.81)#(-0.27628, -0.62377, 0.34377, -0.64529)
041511#(-0.29, 1.14, 0.83)#(-0.27339, -0.63010, 0.30192, -0.66111)
041512#(-0.28, 1.15, 0.90)#(0.28761, 0.52050, -0.27616, 0.75505)
041513#(-0.30, 1.15, 0.90)#(0.27468, 0.52814, -0.27974, 0.75323)
041514#(-0.10, 1.12, 0.59)#(0.41628, 0.41524, -0.21860, 0.77878)
041515#(-0.26, 1.15, 0.18)#(0.40693, 0.09174, -0.11016, 0.90214)
041516#(0.02, 1.18, -0.22)#(0.39126, -0.10089, 0.01135, 0.91466)
041517#(0.07, 1.19, -0.61)#(0.35756, -0.05285, 0.02122, 0.93215)
041518#(0.19, 1.21, -0.66)#(0.35185, -0.13787, 0.00388, 0.92584)
041519#(0.21, 1.22, -0.65)#(0.32554, -0.13885, -0.01214, 0.93520)
041520#(0.21, 1.22, -0.65)#(0.31849, -0.12620, -0.01786, 0.93932)
041521#(0.21, 1.23, -0.64)#(0.31494, -0.11483, -0.02139, 0.94190)
041522#(0.21, 1.24, -0.65)#(0.29621, -0.06199, -0.02323, 0.95283)
041523#(0.22, 1.24, -0.66)#(0.28596, 0.00606, -0.03635, 0.95753)
041524#(0.21, 1.26, -0.72)#(0.24675, -0.01245, -0.02774, 0.96860)
041525#(0.21, 1.27, -0.72)#(0.22833, -0.06921, -0.00794, 0.97109)
041526#(0.22, 1.28, -0.71)#(0.21673, -0.02674, -0.02223, 0.97561)
041527#(0.21, 1.27, -0.67)#(0.22374, -0.00151, -0.02139, 0.97441)
041528#(0.09, 1.24, -0.56)#(0.27327, 0.02129, 0.00390, 0.96170)
041529#(0.10, 1.23, 0.14)#(0.22514, 0.26294, -0.12259, 0.93013)
041530#(0.43, 1.20, 0.18)#(0.19654, 0.57297, -0.22931, 0.76190)
041531#(0.49, 1.22, 0.23)#(0.23760, 0.55470, -0.23319, 0.76254)
041532#(0.48, 1.21, 0.24)#(0.25930, 0.59576, -0.24121, 0.72087)
041533#(0.47, 1.16, 0.14)#(0.33565, 0.42429, -0.22403, 0.81063)
041534#(0.34, 1.20, 0.04)#(0.34410, 0.24733, -0.22963, 0.87618)
041535#(0.40, 1.19, -0.10)#(0.38796, 0.13648, -0.12663, 0.90268)
041536#(0.42, 1.20, -0.12)#(0.36718, 0.13097, -0.15900, 0.90705)
041537#(0.49, 1.19, -0.12)#(0.34805, 0.34254, -0.22596, 0.84289)
041538#(0.49, 1.18, -0.11)#(0.33867, 0.41000, -0.26164, 0.80545)
041539#(0.51, 1.18, -0.10)#(0.32884, 0.41684, -0.25687, 0.80754)
041540#(0.54, 1.18, -0.09)#(0.34680, 0.41869, -0.22626, 0.80823)
041541#(0.49, 1.19, -0.06)#(0.36877, 0.35334, -0.16530, 0.84370)
041542#(0.26, 1.16, 0.03)#(0.42076, -0.06120, -0.00421, 0.90510)
041543#(0.29, 1.16, 0.05)#(0.42224, -0.00936, -0.01497, 0.90631)
041544#(0.31, 1.16, 0.05)#(0.42333, 0.02073, -0.02048, 0.90551)
041545#(0.32, 1.17, 0.05)#(0.41569, 0.02934, -0.02084, 0.90880)
041546#(0.33, 1.19, 0.02)#(0.39185, 0.02982, -0.02252, 0.91927)
041547#(0.35, 1.18, 0.02)#(0.40117, 0.08000, -0.05808, 0.91065)
041548#(0.53, 1.08, 0.08)#(0.36608, 0.42045, -0.29184, 0.77720)
