103144#(0.31, 1.38, -0.74)#(0.16495, -0.72498, 0.15512, 0.65049)
103145#(0.26, 1.34, -0.71)#(0.23819, -0.67821, 0.19896, 0.66612)
103146#(0.25, 1.37, -0.73)#(0.21675, -0.67904, 0.18612, 0.67622)
103147#(0.24, 1.36, -0.72)#(0.23137, -0.68666, 0.20341, 0.65847)
103148#(-0.17, 1.23, -0.82)#(0.29817, -0.66774, 0.27471, 0.62430)
103149#(-0.22, 1.22, -0.82)#(0.29894, -0.64487, 0.32148, 0.62564)
103150#(-0.20, 1.27, -0.79)#(0.30442, -0.59789, 0.26782, 0.69147)
103151#(-0.14, 1.30, -0.77)#(0.30163, -0.55460, 0.21685, 0.74459)
103152#(0.11, 1.50, -0.66)#(0.15314, -0.47624, 0.07791, 0.86237)
103153#(0.10, 1.52, -0.60)#(0.13437, -0.49209, 0.05448, 0.85838)
103154#(-0.38, 1.51, -0.35)#(0.10679, -0.53032, 0.03682, 0.84024)
103155#(-0.67, 1.52, -0.12)#(0.05861, -0.61997, 0.02427, 0.78206)
103156#(-0.74, 1.50, -0.10)#(0.05951, -0.62237, 0.02806, 0.77995)
103157#(-0.77, 1.50, -0.08)#(0.07091, -0.61722, 0.02759, 0.78311)
103158#(-0.76, 1.50, -0.09)#(0.07139, -0.61660, 0.02774, 0.78354)
103159#(-0.75, 1.47, -0.02)#(0.09475, -0.62250, 0.03158, 0.77622)
103200#(-0.84, 1.45, 0.04)#(0.05839, -0.69011, 0.08613, 0.71619)
103201#(-0.73, 1.51, 0.04)#(0.08060, -0.67390, 0.05126, 0.73263)
103202#(-0.71, 1.52, 0.03)#(0.07545, -0.68307, 0.04565, 0.72501)
103203#(-0.70, 1.52, 0.03)#(0.07645, -0.67176, 0.04229, 0.73560)
103204#(-0.71, 1.52, 0.02)#(0.07174, -0.67537, 0.04665, 0.73249)
103205#(-0.71, 1.52, 0.01)#(0.07332, -0.67986, 0.05307, 0.72774)
103206#(-0.70, 1.51, 0.03)#(0.08601, -0.64802, 0.04109, 0.75564)
103207#(-0.64, 1.50, 0.02)#(0.11329, -0.61438, 0.04203, 0.77970)
103208#(-0.46, 1.44, 0.00)#(0.17179, -0.61537, 0.12230, 0.75951)
103209#(-0.24, 1.32, -0.02)#(0.35048, -0.52950, 0.20850, 0.74385)
103210#(-0.08, 1.36, -0.01)#(0.35186, -0.32260, 0.12968, 0.86908)
103211#(-0.06, 1.37, 0.04)#(0.34575, -0.33587, 0.10090, 0.87032)
103212#(-0.07, 1.37, 0.08)#(0.32858, -0.34064, 0.09081, 0.87622)
103213#(-0.16, 1.36, 0.16)#(0.32473, -0.27637, 0.04802, 0.90325)
103214#(-0.22, 1.51, 0.19)#(0.13466, -0.03882, -0.00507, 0.99012)
103215#(-0.17, 1.54, 0.16)#(0.10166, 0.01588, -0.02826, 0.99429)
103216#(-0.20, 1.50, 0.13)#(0.18125, -0.01497, -0.01132, 0.98326)
103217#(-0.20, 1.47, 0.14)#(0.23882, 0.00951, -0.00398, 0.97101)
103218#(-0.19, 1.47, 0.14)#(0.25288, 0.03685, -0.01367, 0.96670)
103219#(-0.19, 1.46, 0.14)#(0.26411, 0.02677, -0.01055, 0.96406)
103220#(-0.45, 1.48, 0.06)#(0.18978, -0.48938, 0.12095, 0.84253)
103221#(-0.48, 1.45, 0.11)#(0.23369, -0.42500, 0.12595, 0.86539)
103222#(-0.02, 1.51, 0.28)#(0.16992, 0.16690, -0.02580, 0.97088)
103223#(0.08, 1.51, 0.38)#(0.18548, 0.13579, -0.04548, 0.97216)
103224#(-0.19, 1.34, 0.53)#(0.40338, -0.01073, 0.01335, 0.91487)
103225#(-0.26, 1.28, 0.60)#(0.43030, 0.00694, -0.00539, 0.90264)
103226#(-0.26, 1.28, 0.61)#(0.43717, 0.01224, -0.01589, 0.89916)
103227#(-0.27, 1.29, 0.60)#(0.43034, 0.00639, -0.00834, 0.90261)
103228#(-0.26, 1.28, 0.59)#(0.43518, 0.01174, -0.02525, 0.89991)
103229#(-0.06, 1.35, 0.49)#(0.34949, 0.32960, -0.09561, 0.87182)
103230#(-0.06, 1.34, 0.49)#(0.40144, 0.28474, -0.14770, 0.85787)
103231#(-0.08, 1.32, 0.49)#(0.41477, 0.26547, -0.14360, 0.85841)
103232#(-0.09, 1.33, 0.49)#(0.41150, 0.25104, -0.12838, 0.86670)
103233#(-0.06, 1.50, 0.46)#(0.14891, 0.28722, -0.05209, 0.94479)
103234#(0.08, 1.42, 0.46)#(0.20447, 0.54300, -0.16647, 0.79727)
103235#(0.20, 1.40, 0.67)#(-0.17760, -0.67722, 0.22291, -0.67834)
103236#(0.18, 1.41, 0.67)#(-0.17576, -0.72751, 0.20829, -0.62965)
103237#(0.18, 1.41, 0.66)#(-0.17492, -0.70451, 0.21623, -0.65293)
103238#(0.19, 1.41, 0.66)#(-0.18205, -0.70062, 0.21450, -0.65572)
103239#(0.18, 1.40, 0.66)#(-0.17669, -0.70012, 0.21629, -0.65714)
103240#(0.17, 1.41, 0.66)#(-0.17771, -0.69777, 0.21678, -0.65920)
103241#(0.17, 1.41, 0.66)#(-0.17942, -0.69798, 0.21581, -0.65883)
103242#(0.17, 1.40, 0.66)#(-0.17555, -0.69910, 0.22033, -0.65719)
103243#(0.19, 1.39, 0.66)#(-0.18597, -0.71641, 0.24245, -0.62721)
103244#(0.33, 1.37, 0.36)#(0.21799, 0.63538, -0.22031, 0.70727)
103245#(0.64, 1.24, 0.11)#(-0.30620, -0.66480, 0.36523, -0.57523)
103246#(0.75, 1.16, 0.02)#(-0.35654, -0.59918, 0.43533, -0.56952)
103247#(0.75, 1.16, 0.01)#(-0.36034, -0.59434, 0.43951, -0.56898)
103248#(0.77, 1.15, 0.01)#(-0.36041, -0.60022, 0.44257, -0.56033)
103249#(0.77, 1.15, 0.01)#(-0.35758, -0.60226, 0.44915, -0.55470)
103250#(0.76, 1.15, 0.01)#(-0.35699, -0.60243, 0.44919, -0.55485)
103251#(0.77, 1.15, 0.00)#(-0.35669, -0.60266, 0.45303, -0.55167)
103252#(0.77, 1.15, 0.00)#(-0.35581, -0.60356, 0.45548, -0.54922)
103253#(0.77, 1.15, 0.00)#(-0.35085, -0.60490, 0.45444, -0.55180)
103254#(0.77, 1.10, 0.03)#(-0.39400, -0.60998, 0.42796, -0.53809)
103255#(0.81, 1.06, 0.04)#(-0.40243, -0.59341, 0.44187, -0.53913)
103256#(0.81, 1.07, 0.06)#(-0.39381, -0.59480, 0.43724, -0.54769)
103257#(0.81, 1.07, 0.07)#(-0.40030, -0.59164, 0.42933, -0.55263)
103258#(0.81, 1.07, 0.07)#(-0.40260, -0.59323, 0.42505, -0.55257)
103259#(0.82, 1.07, 0.07)#(-0.40333, -0.59259, 0.42759, -0.55075)
103300#(0.82, 1.07, 0.07)#(-0.40238, -0.59318, 0.42949, -0.54933)
103301#(0.81, 1.07, 0.07)#(-0.40106, -0.59476, 0.42738, -0.55023)
103302#(0.81, 1.07, 0.07)#(-0.40502, -0.59667, 0.42129, -0.54996)
103303#(0.80, 1.07, 0.08)#(-0.40443, -0.59781, 0.41829, -0.55144)
103304#(0.79, 1.08, 0.08)#(-0.40266, -0.59517, 0.41773, -0.55600)
103305#(0.78, 1.08, 0.07)#(-0.39410, -0.60003, 0.42043, -0.55487)
103306#(0.78, 1.08, 0.05)#(-0.38418, -0.60803, 0.42801, -0.54727)
103307#(0.78, 1.09, 0.05)#(-0.37892, -0.61209, 0.42456, -0.54911)
103308#(0.77, 1.09, 0.04)#(-0.37817, -0.61331, 0.42911, -0.54470)
103309#(0.78, 1.09, 0.04)#(-0.37605, -0.61445, 0.42072, -0.55140)
103310#(0.80, 1.08, 0.04)#(-0.39912, -0.60206, 0.44568, -0.52877)
103311#(0.85, 1.04, 0.13)#(0.45145, 0.47713, -0.43629, 0.61498)
103312#(0.90, 0.99, 0.15)#(0.48843, 0.47927, -0.43051, 0.58857)
103313#(0.90, 0.98, 0.15)#(0.48822, 0.48769, -0.43576, 0.57786)
103314#(0.90, 0.98, 0.15)#(0.49025, 0.48533, -0.44314, 0.57248)
103315#(0.89, 0.97, 0.15)#(0.49307, 0.48436, -0.44704, 0.56783)
103316#(0.89, 0.97, 0.15)#(0.49836, 0.48088, -0.45123, 0.56284)
103317#(0.87, 0.97, 0.12)#(0.48724, 0.50070, -0.45072, 0.55564)
103318#(0.87, 0.98, 0.12)#(0.48680, 0.49227, -0.43670, 0.57445)
103319#(0.86, 0.99, 0.14)#(0.48749, 0.48181, -0.40841, 0.60283)
103320#(0.24, 1.31, 0.32)#(0.39742, -0.21647, 0.14716, 0.87952)
103321#(-0.28, 1.34, 0.26)#(0.32551, -0.54561, 0.26572, 0.72508)
103322#(-0.49, 1.36, 0.30)#(0.23617, -0.71987, 0.30920, 0.57482)
103323#(-0.50, 1.38, 0.32)#(0.22272, -0.73549, 0.28155, 0.57462)
103324#(-0.42, 1.34, 0.30)#(0.32345, -0.33636, 0.14022, 0.87326)
103325#(-0.06, 1.33, 0.06)#(0.36826, 0.24316, -0.10372, 0.89135)
103326#(0.18, 1.30, -0.12)#(0.37916, 0.42202, -0.23231, 0.79004)
103327#(0.72, 1.17, 0.14)#(0.48821, 0.42643, -0.34996, 0.67627)
103328#(0.74, 1.17, 0.15)#(0.48268, 0.39097, -0.35441, 0.69897)
103329#(0.73, 1.18, 0.13)#(0.46891, 0.40308, -0.35732, 0.69998)
103330#(0.72, 1.16, 0.15)#(0.49197, 0.38634, -0.35879, 0.69281)
103331#(0.71, 1.17, 0.15)#(0.49995, 0.37706, -0.31667, 0.71246)
103332#(0.63, 1.19, 0.07)#(0.53290, 0.21750, -0.09192, 0.81256)
103333#(0.36, 1.07, 0.19)#(0.49736, 0.48874, -0.30142, 0.65031)
103334#(0.37, 0.90, 0.33)#(-0.29046, -0.69307, 0.46093, -0.47205)
103335#(0.33, 0.79, 0.34)#(-0.18954, -0.71175, 0.49007, -0.46617)
103336#(0.34, 0.81, 0.35)#(-0.18991, -0.71483, 0.46306, -0.48840)
103337#(0.34, 0.82, 0.36)#(-0.18611, -0.71502, 0.45412, -0.49788)
103338#(0.32, 0.99, 0.23)#(-0.20260, -0.70450, 0.42667, -0.52971)
103339#(0.28, 1.17, 0.29)#(-0.22132, -0.72770, 0.37975, -0.52655)
103340#(-0.23, 1.50, 0.51)#(0.05657, -0.87325, 0.18893, 0.44558)
103341#(-0.21, 1.49, 0.50)#(0.04057, -0.86805, 0.16240, 0.46741)
103342#(0.12, 1.30, 0.34)#(-0.21321, -0.81129, 0.40416, -0.36469)
103343#(0.17, 1.16, 0.46)#(-0.34889, -0.62616, 0.38215, -0.58324)
103344#(0.16, 1.16, 0.44)#(-0.34085, -0.62546, 0.38318, -0.58804)
103345#(0.15, 1.17, 0.44)#(-0.34808, -0.62891, 0.36152, -0.59382)
103346#(0.16, 1.19, 0.46)#(0.38015, 0.62828, -0.32169, 0.59772)
103347#(0.32, 1.21, 0.54)#(0.37027, 0.54799, -0.30317, 0.68607)
103348#(0.36, 1.25, 0.28)#(0.45261, 0.28048, -0.13064, 0.83631)
103349#(0.17, 1.37, -0.11)#(0.34136, 0.10623, -0.03637, 0.93320)
103350#(-0.09, 1.46, -0.59)#(0.26920, -0.51745, 0.11734, 0.80375)
103351#(0.15, 1.48, -0.76)#(0.18170, -0.64749, 0.14067, 0.72660)
103352#(0.15, 1.50, -0.65)#(0.15144, -0.41310, 0.06516, 0.89564)
103353#(0.23, 1.49, -0.64)#(0.16591, -0.12323, 0.00881, 0.97837)
103354#(0.22, 1.48, -0.60)#(0.18066, 0.06252, -0.02027, 0.98135)
103355#(0.19, 1.46, -0.29)#(0.24091, 0.30015, -0.09090, 0.91848)
103356#(0.05, 1.40, -0.05)#(0.27087, 0.58108, -0.24153, 0.72845)
103357#(0.22, 1.36, 0.14)#(-0.27425, -0.67166, 0.32181, -0.60836)
103358#(0.24, 1.35, 0.26)#(-0.29051, -0.66753, 0.32606, -0.60308)
103359#(0.17, 1.41, 0.51)#(0.31461, 0.38884, -0.17586, 0.84788)
103400#(0.01, 1.33, 0.58)#(0.46261, -0.09268, 0.05113, 0.88022)
103401#(-0.08, 1.33, 0.35)#(0.41119, -0.43033, 0.17272, 0.78480)
103402#(-0.20, 1.29, 0.06)#(0.45064, -0.46903, 0.28040, 0.70591)
103403#(-0.31, 1.26, -0.20)#(0.41548, -0.55262, 0.38433, 0.61179)
103404#(-0.22, 1.33, -0.04)#(0.38375, -0.32723, 0.18855, 0.84268)
103405#(-0.18, 1.36, -0.02)#(0.34642, -0.27541, 0.14450, 0.88502)
103406#(-0.13, 1.38, 0.01)#(0.31816, -0.27026, 0.07152, 0.90588)
103407#(-0.13, 1.38, 0.00)#(0.32502, -0.28292, 0.06904, 0.89975)
103408#(-0.16, 1.36, 0.03)#(0.34972, -0.28406, 0.08536, 0.88866)
103409#(-0.24, 1.33, 0.30)#(0.38138, -0.27571, 0.09008, 0.87774)
103410#(-0.37, 1.34, 0.30)#(0.38503, -0.25452, 0.07889, 0.88360)
103411#(-0.39, 1.32, 0.31)#(0.40565, -0.25279, 0.09112, 0.87364)
103412#(-0.36, 1.32, 0.31)#(0.41289, -0.24148, 0.09062, 0.87350)
103413#(-0.35, 1.31, 0.30)#(0.42189, -0.24539, 0.08905, 0.86825)
103414#(-0.35, 1.31, 0.31)#(0.42244, -0.25213, 0.09019, 0.86594)
103415#(-0.34, 1.31, 0.31)#(0.42237, -0.23510, 0.08995, 0.87077)
103416#(-0.36, 1.31, 0.30)#(0.42320, -0.25054, 0.09451, 0.86556)
103417#(-0.36, 1.31, 0.29)#(0.41513, -0.26602, 0.09224, 0.86510)
103418#(-0.37, 1.31, 0.30)#(0.41730, -0.27117, 0.09738, 0.86188)
103419#(-0.37, 1.31, 0.30)#(0.42145, -0.27502, 0.09656, 0.85873)
103420#(-0.37, 1.31, 0.30)#(0.42265, -0.29488, 0.10441, 0.85060)
103421#(-0.38, 1.31, 0.29)#(0.42278, -0.30595, 0.11208, 0.84563)
103422#(-0.38, 1.31, 0.27)#(0.42009, -0.30826, 0.10733, 0.84675)
103423#(-0.38, 1.31, 0.27)#(0.41544, -0.30751, 0.11517, 0.84828)
103424#(-0.31, 1.32, 0.29)#(0.41995, -0.20833, 0.07600, 0.88004)
103425#(-0.24, 1.31, 0.29)#(0.43194, -0.10471, 0.02635, 0.89541)
103426#(-0.20, 1.31, 0.28)#(0.43218, -0.05780, -0.00349, 0.89993)
103427#(-0.30, 1.29, 0.27)#(0.43347, -0.38803, 0.13965, 0.80127)
103428#(-0.38, 1.30, -0.02)#(0.35533, -0.61223, 0.25402, 0.65908)
103429#(-0.38, 1.26, -0.30)#(0.35495, -0.59503, 0.35034, 0.63025)
103430#(-0.30, 1.29, -0.18)#(0.39254, -0.46574, 0.24403, 0.75462)
103431#(-0.19, 1.34, -0.04)#(0.37424, -0.23126, 0.10558, 0.89180)
103432#(-0.12, 1.38, -0.04)#(0.39010, -0.15580, -0.00071, 0.90750)
103433#(-0.09, 1.50, -0.08)#(0.11903, -0.07404, -0.01279, 0.99004)
103434#(-0.13, 1.46, -0.07)#(0.20570, -0.11600, 0.04842, 0.97051)
103435#(-0.28, 1.35, -0.36)#(0.31490, -0.70609, 0.33354, 0.53947)
103436#(-0.23, 1.36, -0.42)#(0.25927, -0.78562, 0.35005, 0.43938)
103437#(-0.24, 1.35, -0.42)#(0.27101, -0.78487, 0.34893, 0.43448)
103438#(-0.29, 1.32, -0.40)#(0.32093, -0.73497, 0.36865, 0.47002)
103439#(-0.28, 1.32, -0.15)#(0.43225, -0.56635, 0.25066, 0.65542)
103440#(-0.27, 1.35, 0.16)#(0.41183, -0.40034, 0.15151, 0.80447)
103441#(-0.18, 1.36, 0.20)#(0.43449, -0.06007, 0.00213, 0.89867)
103442#(-0.14, 1.35, 0.20)#(0.44350, 0.01090, -0.03415, 0.89556)
103443#(-0.13, 1.35, 0.20)#(0.44705, 0.02116, -0.03635, 0.89352)
103444#(-0.16, 1.34, 0.23)#(0.44430, -0.02698, -0.01326, 0.89538)
103445#(-0.16, 1.37, 0.20)#(0.39386, -0.06134, -0.00048, 0.91712)
103446#(-0.10, 1.45, 0.11)#(0.17077, 0.18686, -0.03793, 0.96669)
103447#(-0.11, 1.43, 0.11)#(0.23914, 0.22051, -0.03777, 0.94486)
103448#(-0.10, 1.42, 0.13)#(0.25305, 0.18665, -0.02748, 0.94888)
103449#(-0.05, 1.39, 0.16)#(0.28900, 0.17449, -0.04450, 0.94024)
103450#(-0.03, 1.40, 0.18)#(0.27834, 0.14496, -0.04577, 0.94838)
103451#(-0.05, 1.40, 0.18)#(0.26920, 0.10557, -0.03009, 0.95681)
103452#(0.08, 1.41, 0.16)#(0.23079, 0.28579, -0.07878, 0.92674)
103453#(0.00, 1.43, 0.45)#(0.24163, 0.52382, -0.12757, 0.80682)
103454#(0.01, 1.42, 0.47)#(0.24097, 0.58048, -0.16374, 0.76037)
103455#(-0.02, 1.42, 0.51)#(0.24259, 0.54845, -0.13067, 0.78948)
103456#(-0.04, 1.42, 0.49)#(0.22194, 0.56174, -0.12037, 0.78784)
103457#(-0.05, 1.41, 0.48)#(0.21889, 0.57156, -0.11835, 0.78192)
103458#(-0.05, 1.41, 0.48)#(0.21701, 0.57098, -0.11900, 0.78277)
103459#(-0.04, 1.41, 0.48)#(0.22065, 0.57138, -0.12249, 0.78092)
103500#(-0.05, 1.41, 0.48)#(0.21792, 0.57279, -0.12458, 0.78032)
103501#(-0.05, 1.41, 0.47)#(0.21419, 0.57252, -0.13251, 0.78024)
103502#(-0.05, 1.41, 0.47)#(0.20634, 0.58781, -0.14198, 0.76925)
103503#(-0.05, 1.41, 0.47)#(0.20364, 0.58829, -0.14407, 0.76921)
103504#(-0.05, 1.41, 0.47)#(0.20503, 0.58743, -0.14288, 0.76972)
103505#(-0.04, 1.41, 0.47)#(0.20418, 0.58960, -0.14765, 0.76739)
103506#(-0.05, 1.42, 0.46)#(0.19894, 0.59213, -0.16040, 0.76425)
103507#(-0.06, 1.41, 0.45)#(0.20006, 0.59673, -0.16625, 0.75911)
103508#(-0.05, 1.41, 0.47)#(0.21893, 0.58300, -0.16631, 0.76454)
103509#(-0.03, 1.40, 0.47)#(0.22416, 0.58815, -0.17932, 0.75609)
103510#(-0.01, 1.40, 0.47)#(0.23893, 0.59202, -0.19078, 0.74567)
103511#(-0.02, 1.39, 0.47)#(0.24685, 0.58708, -0.18961, 0.74729)
103512#(0.01, 1.38, 0.51)#(0.27324, 0.53685, -0.18473, 0.77654)
103513#(0.20, 1.37, 0.46)#(0.34951, 0.02618, -0.03190, 0.93602)
103514#(0.08, 1.37, 0.29)#(0.31972, -0.32233, 0.08048, 0.88736)
103515#(-0.34, 1.36, 0.01)#(0.21283, -0.67723, 0.21463, 0.67082)
103516#(-0.79, 1.44, -0.01)#(0.14930, -0.72046, 0.14338, 0.66188)
103517#(-0.82, 1.48, -0.03)#(0.10051, -0.70958, 0.08093, 0.69271)
103518#(-0.77, 1.51, -0.02)#(0.07257, -0.70787, 0.05655, 0.70032)
103519#(-0.75, 1.49, -0.02)#(0.10616, -0.71263, 0.06999, 0.68992)
103520#(-0.61, 1.44, 0.09)#(0.18919, -0.53465, 0.08845, 0.81886)
103521#(-0.80, 1.52, 0.00)#(0.07269, -0.71855, 0.07304, 0.68780)
103522#(-0.82, 1.53, -0.02)#(0.07014, -0.72072, 0.08103, 0.68490)
103523#(-0.82, 1.54, -0.01)#(0.07075, -0.70822, 0.07467, 0.69845)
103524#(-0.82, 1.53, -0.01)#(0.07401, -0.70754, 0.07476, 0.69880)
103525#(-0.79, 1.54, -0.01)#(0.06951, -0.71333, 0.06724, 0.69413)
103526#(-0.77, 1.52, 0.01)#(0.05837, -0.71462, 0.04577, 0.69557)
103527#(-0.83, 1.47, 0.03)#(0.08429, -0.71964, 0.02824, 0.68864)
103528#(-0.82, 1.46, 0.04)#(0.08560, -0.71980, 0.02418, 0.68846)
103529#(-0.82, 1.46, 0.03)#(0.09700, -0.70886, 0.05632, 0.69637)
103530#(-0.76, 1.52, -0.02)#(0.08619, -0.70479, 0.08338, 0.69921)
103531#(-0.73, 1.53, -0.03)#(0.08939, -0.69943, 0.08996, 0.70336)
103532#(-0.71, 1.54, -0.03)#(0.08856, -0.69668, 0.08444, 0.70687)
103533#(-0.72, 1.54, -0.03)#(0.08862, -0.69641, 0.08657, 0.70687)
103534#(-0.72, 1.54, -0.03)#(0.08712, -0.69370, 0.08444, 0.70997)
103535#(-0.72, 1.54, -0.03)#(0.09011, -0.69456, 0.08124, 0.70913)
103536#(-0.75, 1.51, -0.02)#(0.10195, -0.70713, 0.08943, 0.69395)
103537#(-0.88, 1.47, -0.06)#(0.10110, -0.72075, 0.10772, 0.67727)
103538#(-0.91, 1.46, -0.06)#(0.11309, -0.71280, 0.10976, 0.68343)
103539#(-0.91, 1.48, -0.07)#(0.09674, -0.71043, 0.09070, 0.69116)
103540#(-0.89, 1.50, -0.06)#(0.07247, -0.71049, 0.07275, 0.69618)
103541#(-0.88, 1.49, -0.08)#(0.07166, -0.71845, 0.08331, 0.68684)
103542#(-0.88, 1.48, -0.07)#(0.08799, -0.70653, 0.10010, 0.69502)
103543#(-0.88, 1.46, -0.05)#(0.11162, -0.68719, 0.11082, 0.70925)
103544#(-0.81, 1.49, -0.02)#(0.06123, -0.69205, 0.04119, 0.71807)
103545#(-0.74, 1.50, 0.00)#(0.05793, -0.68976, 0.04050, 0.72058)
103546#(-0.45, 1.43, 0.19)#(0.15962, -0.16311, 0.07331, 0.97085)
103547#(-0.03, 1.44, 0.33)#(0.14551, 0.32707, -0.01832, 0.93355)
103548#(0.00, 1.41, 0.27)#(0.20197, 0.58815, -0.07041, 0.77996)
103549#(0.01, 1.37, 0.23)#(0.26318, 0.64319, -0.11795, 0.70932)
103550#(0.00, 1.36, 0.23)#(0.27936, 0.63106, -0.11731, 0.71412)
103551#(-0.02, 1.36, 0.28)#(0.28738, 0.56260, -0.08150, 0.77088)
103552#(-0.10, 1.34, 0.40)#(0.31742, 0.26535, 0.00305, 0.91040)
103553#(0.09, 1.36, 0.31)#(0.32204, 0.06469, 0.03842, 0.94373)
103554#(0.08, 1.34, 0.00)#(0.38496, 0.25104, -0.06809, 0.88552)
103555#(0.23, 1.24, 0.43)#(0.54492, 0.05454, -0.04230, 0.83564)
103556#(0.19, 1.23, 0.80)#(0.56696, 0.18774, -0.09921, 0.79591)
103557#(0.18, 1.24, 0.83)#(0.54959, 0.19677, -0.10819, 0.80469)
103558#(0.17, 1.25, 0.83)#(0.54352, 0.20379, -0.10858, 0.80701)
103559#(0.16, 1.25, 0.83)#(0.54033, 0.20444, -0.10904, 0.80893)
103600#(0.15, 1.25, 0.81)#(0.53819, 0.19906, -0.10630, 0.81205)
103601#(0.15, 1.25, 0.81)#(0.53617, 0.20305, -0.09792, 0.81345)
103602#(0.15, 1.26, 0.82)#(0.53644, 0.20446, -0.09655, 0.81309)
103603#(0.16, 1.26, 0.82)#(0.52994, 0.21604, -0.10101, 0.81381)
103604#(0.16, 1.26, 0.82)#(0.52464, 0.21628, -0.10340, 0.81688)
103605#(0.15, 1.26, 0.81)#(0.51970, 0.21686, -0.10177, 0.82008)
103606#(0.15, 1.27, 0.79)#(0.50548, 0.22106, -0.11229, 0.82645)
103607#(0.16, 1.27, 0.78)#(0.50883, 0.23532, -0.11983, 0.81937)
103608#(0.17, 1.26, 0.83)#(0.54426, 0.21556, -0.08181, 0.80661)
103609#(0.17, 1.25, 0.84)#(0.54849, 0.22254, -0.08657, 0.80134)
103610#(0.20, 1.25, 0.83)#(0.54650, 0.26610, -0.12581, 0.78403)
103611#(0.19, 1.24, 0.79)#(0.55255, 0.27420, -0.15474, 0.77173)
103612#(0.17, 1.25, 0.78)#(0.53782, 0.27393, -0.12183, 0.78795)
103613#(0.28, 1.26, 0.75)#(0.52745, 0.19677, -0.08076, 0.82253)
103614#(-0.12, 1.29, 0.58)#(0.40102, -0.36688, 0.27573, 0.79282)
103615#(-0.32, 1.28, 0.35)#(0.29528, -0.54195, 0.38885, 0.68403)
103616#(-0.35, 1.27, 0.27)#(0.26131, -0.61182, 0.42928, 0.61083)
103617#(-0.32, 1.28, 0.27)#(0.26112, -0.61038, 0.41923, 0.61928)
103618#(-0.33, 1.27, 0.25)#(0.25385, -0.63563, 0.42888, 0.58957)
103619#(-0.35, 1.26, 0.10)#(0.18615, -0.70481, 0.50249, 0.46486)
103620#(-0.58, 1.19, -0.18)#(0.20610, -0.66784, 0.56710, 0.43579)
103621#(-0.51, 1.23, -0.26)#(0.34440, -0.50023, 0.44202, 0.66013)
103622#(-0.35, 1.25, -0.23)#(0.42848, -0.26152, 0.35036, 0.79073)
103623#(0.20, 1.23, -0.24)#(0.54847, 0.14545, 0.07586, 0.81992)
103624#(0.20, 1.23, -0.22)#(0.53513, 0.14513, -0.00075, 0.83221)
103625#(0.21, 1.25, -0.23)#(0.51005, 0.14716, -0.00761, 0.84743)
103626#(0.17, 1.26, -0.22)#(0.48280, 0.06094, 0.04925, 0.87222)
103627#(0.19, 1.24, -0.20)#(0.51504, 0.07753, 0.03468, 0.85295)
103628#(0.20, 1.24, -0.20)#(0.51735, 0.09956, 0.02433, 0.84961)
103629#(0.21, 1.24, -0.21)#(0.50995, 0.12778, 0.00873, 0.85061)
103630#(0.21, 1.25, -0.22)#(0.50658, 0.12307, 0.00883, 0.85332)
103631#(0.21, 1.25, -0.23)#(0.49849, 0.13637, 0.00455, 0.85609)
103632#(0.20, 1.25, -0.25)#(0.50822, 0.11484, 0.01214, 0.85345)
103633#(0.19, 1.25, -0.24)#(0.51059, 0.11416, 0.01645, 0.85205)
103634#(0.20, 1.25, -0.24)#(0.50901, 0.11241, 0.01639, 0.85323)
103635#(0.20, 1.25, -0.23)#(0.50894, 0.11012, 0.02053, 0.85348)
103636#(0.20, 1.25, -0.23)#(0.51245, 0.11206, 0.01490, 0.85124)
103637#(0.00, 1.25, -0.07)#(0.55606, 0.06983, 0.03574, 0.82743)
103638#(0.36, 1.34, 0.23)#(0.34465, 0.39504, -0.06699, 0.84892)
103639#(0.40, 1.35, 0.44)#(0.28885, 0.61756, -0.19171, 0.70599)
103640#(0.43, 1.36, 0.43)#(0.27693, 0.64105, -0.21630, 0.68233)
103641#(0.44, 1.35, 0.46)#(0.29682, 0.59515, -0.21456, 0.71530)
103642#(0.41, 1.33, 0.47)#(0.31712, 0.62049, -0.19308, 0.69076)
103643#(0.42, 1.33, 0.48)#(0.32287, 0.61243, -0.18666, 0.69703)
103644#(0.42, 1.33, 0.48)#(0.32545, 0.61991, -0.19321, 0.68736)
103645#(0.41, 1.33, 0.48)#(0.32840, 0.61990, -0.19532, 0.68537)
103646#(0.38, 1.33, 0.53)#(0.33454, 0.55043, -0.16539, 0.74683)
103647#(0.36, 1.33, 0.57)#(0.33595, 0.47126, -0.14177, 0.80309)
103648#(0.39, 1.34, 0.50)#(0.28167, 0.60337, -0.19244, 0.72082)
103649#(0.41, 1.33, 0.47)#(0.29739, 0.62770, -0.21948, 0.68511)
103650#(0.39, 1.32, 0.49)#(0.30703, 0.62375, -0.21875, 0.68470)
103651#(0.16, 1.39, 0.38)#(0.24443, 0.57487, -0.16556, 0.76313)
103652#(0.09, 1.41, 0.45)#(0.24137, 0.52804, -0.15781, 0.79876)
103653#(0.14, 1.39, 0.47)#(0.25003, 0.48263, -0.18018, 0.81981)
103654#(0.09, 1.38, 0.57)#(0.29611, 0.29231, -0.12470, 0.90073)
103655#(0.05, 1.36, 0.66)#(0.33295, 0.20925, -0.09475, 0.91454)
103656#(0.02, 1.37, 0.64)#(0.32091, 0.21981, -0.07305, 0.91835)
103657#(0.01, 1.36, 0.63)#(0.33401, 0.25248, -0.08376, 0.90425)
103658#(-0.06, 1.43, 0.44)#(0.24773, -0.08890, -0.02115, 0.96451)
103659#(-0.05, 1.46, 0.39)#(0.18472, -0.11698, -0.03059, 0.97533)
103700#(-0.04, 1.42, 0.41)#(0.25448, -0.05648, -0.07091, 0.96282)
103701#(-0.06, 1.43, 0.38)#(0.23445, -0.05975, -0.05576, 0.96869)
103702#(-0.08, 1.43, 0.36)#(0.22235, -0.07205, -0.04203, 0.97139)
103703#(-0.09, 1.44, 0.37)#(0.21400, -0.10893, -0.04263, 0.96980)
103704#(-0.08, 1.46, 0.34)#(0.17458, -0.10642, -0.03688, 0.97818)
103705#(-0.10, 1.51, -0.05)#(0.13983, -0.04391, 0.00393, 0.98919)
103706#(0.03, 1.53, -0.21)#(0.13430, -0.07996, -0.00661, 0.98769)
103707#(-0.01, 1.53, -0.20)#(0.12374, -0.07768, -0.01206, 0.98920)
103708#(-0.03, 1.53, -0.20)#(0.12010, -0.08102, -0.00974, 0.98940)
103709#(-0.03, 1.53, -0.19)#(0.12008, -0.07565, -0.00599, 0.98986)
103710#(0.02, 1.48, -0.15)#(0.18926, -0.05646, -0.01607, 0.98017)
103711#(0.03, 1.48, -0.11)#(0.15337, -0.11407, -0.03369, 0.98098)
103712#(-0.06, 1.44, 0.01)#(0.18695, 0.10001, -0.00975, 0.97722)
103713#(-0.04, 1.40, 0.06)#(0.26936, 0.23527, 0.00752, 0.93383)
103714#(-0.01, 1.39, 0.02)#(0.27931, 0.30827, -0.01530, 0.90924)
103715#(-0.11, 1.38, 0.05)#(0.34349, 0.06450, -0.00691, 0.93692)
103716#(-0.24, 1.37, 0.07)#(0.34223, -0.31307, 0.11914, 0.87788)
103717#(0.18, 1.41, 0.20)#(0.27452, -0.42021, 0.13983, 0.85353)
103718#(0.08, 1.44, 0.09)#(0.22185, -0.59100, 0.14318, 0.76224)
103719#(0.00, 1.49, -0.02)#(0.11940, -0.71054, 0.11524, 0.68381)
103720#(0.02, 1.44, 0.03)#(0.18633, -0.59981, 0.13329, 0.76664)
103721#(0.07, 1.40, 0.11)#(0.26557, -0.41159, 0.13267, 0.86167)
103722#(0.09, 1.40, 0.12)#(0.27283, -0.39201, 0.12203, 0.87006)
103723#(0.09, 1.40, 0.12)#(0.28247, -0.39623, 0.12110, 0.86518)
103724#(0.09, 1.39, 0.12)#(0.28379, -0.40101, 0.12939, 0.86134)
103725#(0.10, 1.40, 0.13)#(0.28140, -0.40277, 0.11969, 0.86271)
103726#(0.08, 1.37, 0.20)#(0.30641, -0.36886, 0.15076, 0.86448)
103727#(-0.19, 1.37, 0.17)#(0.34157, -0.25752, 0.13989, 0.89300)
103728#(-0.03, 1.41, 0.23)#(0.25124, -0.03837, -0.00622, 0.96714)
103729#(0.38, 1.29, 0.51)#(0.24022, 0.50967, -0.18573, 0.80501)
103730#(0.33, 1.29, 0.60)#(0.24170, 0.55639, -0.21061, 0.76659)
103731#(0.33, 1.28, 0.62)#(0.24340, 0.55496, -0.21388, 0.76618)
103732#(0.34, 1.28, 0.62)#(0.24611, 0.55349, -0.21729, 0.76542)
103733#(0.34, 1.28, 0.63)#(0.25014, 0.55452, -0.21730, 0.76336)
103734#(0.41, 1.26, 0.45)#(-0.25361, -0.67913, 0.24690, -0.64304)
103735#(0.56, 1.26, 0.36)#(0.27358, 0.63603, -0.26506, 0.67109)
103736#(0.84, 1.11, 0.07)#(-0.44068, -0.59345, 0.41124, -0.53338)
103737#(0.91, 1.09, 0.07)#(-0.44792, -0.54395, 0.46999, -0.53160)
103738#(0.91, 1.09, 0.07)#(-0.44393, -0.54492, 0.47714, -0.52757)
103739#(0.91, 1.09, 0.07)#(-0.43996, -0.54799, 0.48067, -0.52450)
103740#(0.90, 1.09, 0.06)#(-0.43895, -0.54865, 0.48490, -0.52075)
103741#(0.91, 1.09, 0.06)#(-0.43980, -0.54765, 0.48531, -0.52070)
103742#(0.91, 1.09, 0.06)#(-0.43664, -0.54832, 0.48864, -0.51954)
103743#(0.90, 1.09, 0.06)#(-0.43861, -0.54885, 0.48737, -0.51851)
103744#(0.91, 1.09, 0.06)#(-0.43861, -0.54835, 0.48955, -0.51699)
103745#(0.91, 1.09, 0.06)#(-0.43815, -0.54733, 0.49024, -0.51780)
103746#(0.91, 1.09, 0.06)#(-0.43905, -0.54612, 0.49039, -0.51818)
103747#(0.90, 1.10, 0.05)#(-0.44124, -0.54660, 0.48924, -0.51689)
103748#(0.90, 1.09, 0.05)#(-0.44227, -0.54688, 0.48829, -0.51662)
103749#(0.90, 1.10, 0.05)#(-0.44131, -0.54700, 0.48765, -0.51792)
103750#(0.90, 1.10, 0.06)#(-0.44214, -0.54740, 0.48381, -0.52038)
103751#(0.88, 1.11, 0.06)#(-0.43920, -0.54884, 0.47646, -0.52808)
103752#(0.87, 1.11, 0.09)#(-0.45313, -0.56489, 0.44303, -0.52849)
103753#(0.86, 1.13, 0.11)#(-0.45640, -0.57546, 0.41761, -0.53493)
103754#(0.86, 1.14, 0.12)#(0.45323, 0.56751, -0.41431, 0.54851)
103755#(0.86, 1.13, 0.11)#(0.45720, 0.56954, -0.41838, 0.53995)
103756#(0.85, 1.13, 0.11)#(0.45869, 0.56627, -0.42016, 0.54074)
103757#(0.85, 1.13, 0.11)#(0.46041, 0.56223, -0.41608, 0.54663)
103758#(0.85, 1.13, 0.11)#(0.45709, 0.56341, -0.42381, 0.54224)
103759#(0.84, 1.13, 0.10)#(0.45788, 0.56170, -0.42856, 0.53960)
103800#(0.84, 1.18, 0.03)#(-0.39327, -0.61838, 0.39613, -0.55319)
103801#(0.82, 1.20, 0.06)#(-0.38930, -0.60072, 0.37364, -0.58989)
103802#(0.79, 1.18, 0.13)#(0.45194, 0.49249, -0.34121, 0.66089)
103803#(0.63, 1.21, 0.11)#(-0.25647, -0.70845, 0.44453, -0.48448)
103804#(-0.24, 1.44, 0.20)#(0.07308, -0.81575, 0.16868, 0.54841)
103805#(-0.49, 1.51, -0.02)#(0.07025, -0.74711, 0.05410, 0.65876)
103806#(-0.44, 1.44, -0.17)#(-0.07485, -0.88187, 0.13310, 0.44608)
103807#(0.53, 1.17, -0.03)#(-0.42003, -0.67775, 0.31797, -0.51295)
103808#(0.90, 1.12, 0.04)#(-0.42800, -0.53768, 0.45422, -0.56692)
103809#(0.89, 1.16, 0.03)#(-0.39627, -0.56567, 0.42315, -0.58645)
103810#(0.87, 1.17, 0.02)#(-0.38891, -0.57189, 0.40976, -0.59481)
103811#(0.86, 1.17, 0.03)#(0.39425, 0.54698, -0.38670, 0.62916)
103812#(0.90, 1.15, -0.01)#(0.40619, 0.56295, -0.41410, 0.58874)
103813#(0.89, 1.12, 0.01)#(0.46035, 0.54115, -0.40850, 0.57303)
103814#(0.83, 1.10, 0.14)#(0.54773, 0.38510, -0.36103, 0.64911)
103815#(0.81, 1.12, 0.13)#(0.50585, 0.40300, -0.37005, 0.66691)
103816#(0.02, 1.12, -0.42)#(0.06309, -0.79798, 0.59443, 0.07677)
103817#(-0.35, 0.75, -0.69)#(0.27424, -0.64102, 0.61391, 0.37013)
103818#(-0.42, 0.71, -0.75)#(0.31281, -0.64353, 0.62109, 0.31980)
103819#(-0.11, 1.04, -0.74)#(-0.02132, -0.79852, 0.58984, -0.11835)
103820#(0.44, 1.16, -0.27)#(-0.38325, -0.56978, 0.42307, -0.59117)
103821#(0.89, 1.07, 0.03)#(0.45886, 0.50514, -0.48422, 0.54755)
103822#(0.93, 1.07, 0.04)#(-0.44416, -0.54115, 0.50301, -0.50681)
103823#(0.94, 1.06, 0.03)#(-0.45153, -0.54063, 0.50307, -0.50076)
103824#(0.95, 1.06, 0.03)#(-0.46139, -0.52759, 0.51066, -0.49800)
103825#(0.96, 1.06, 0.03)#(-0.46469, -0.52280, 0.51349, -0.49707)
103826#(0.96, 1.05, 0.02)#(-0.46816, -0.52096, 0.51249, -0.49677)
103827#(0.96, 1.06, 0.02)#(-0.46935, -0.52042, 0.51183, -0.49689)
103828#(0.92, 1.10, 0.01)#(-0.42745, -0.57745, 0.46922, -0.51349)
103829#(0.69, 1.25, -0.10)#(-0.17285, -0.85909, 0.41441, -0.24568)
103830#(0.02, 1.26, -0.16)#(0.13925, -0.82502, 0.38519, 0.38934)