040850#(0.11, 1.35, -0.20)#(0.08924, 0.03850, 0.01537, 0.99515)
040851#(0.11, 1.37, -0.18)#(0.09531, 0.06591, 0.01987, 0.99306)
040852#(0.13, 1.38, -0.17)#(0.00995, 0.09729, 0.02108, 0.99498)
040853#(0.08, 1.32, -0.16)#(0.07733, 0.02992, 0.08082, 0.99327)
040854#(-0.12, 1.30, -0.27)#(0.09233, -0.33145, 0.14297, 0.92800)
040855#(0.00, 1.31, -0.24)#(0.02333, -0.12614, 0.06109, 0.98985)
040856#(0.09, 1.31, -0.16)#(0.06440, 0.05475, -0.01041, 0.99637)
040857#(0.08, 1.31, -0.15)#(0.05170, 0.05039, 0.00507, 0.99738)
040858#(0.08, 1.28, -0.18)#(0.01733, 0.04799, 0.03325, 0.99814)
040859#(0.07, 1.28, -0.18)#(0.06463, 0.04538, 0.02838, 0.99647)
040900#(0.07, 1.30, -0.18)#(0.08785, 0.05332, 0.02159, 0.99447)
040901#(0.08, 1.28, -0.16)#(0.11856, 0.00963, 0.03308, 0.99235)
040902#(0.12, 1.26, -0.16)#(0.14270, 0.05543, 0.00884, 0.98817)
040903#(0.12, 1.26, -0.18)#(0.14229, 0.05374, 0.00997, 0.98831)
040904#(0.12, 1.26, -0.19)#(0.09784, 0.03271, -0.00625, 0.99464)
040905#(0.11, 1.26, -0.20)#(0.11760, 0.04521, 0.01184, 0.99196)
040906#(0.12, 1.26, -0.18)#(0.12909, 0.04094, 0.00667, 0.99077)
040907#(0.12, 1.26, -0.17)#(0.13448, 0.04201, 0.00807, 0.98999)
040908#(0.12, 1.27, -0.18)#(0.11457, 0.05077, 0.00993, 0.99207)
040909#(0.02, 1.26, -0.18)#(0.13714, -0.13220, 0.03531, 0.98105)
040910#(-0.06, 1.26, -0.23)#(0.13283, -0.25268, 0.06156, 0.95641)
040911#(-0.22, 1.25, -0.27)#(0.13872, -0.40288, 0.07319, 0.90171)
040912#(-0.23, 1.23, -0.35)#(0.12162, -0.61488, 0.14211, 0.76612)
040913#(-0.22, 1.23, -0.40)#(0.10460, -0.67441, 0.14543, 0.71629)
040914#(-0.23, 1.21, -0.43)#(0.07979, -0.69048, 0.14494, 0.70417)
040915#(-0.23, 1.23, -0.33)#(0.09723, -0.60958, 0.08426, 0.78221)
040916#(-0.25, 1.26, -0.30)#(0.07860, -0.59428, 0.06661, 0.79763)
040917#(-0.23, 1.27, -0.32)#(0.07595, -0.58114, 0.07018, 0.80721)
040918#(-0.22, 1.25, -0.27)#(0.12598, -0.49807, 0.08353, 0.85386)
040919#(-0.02, 1.19, -0.14)#(0.25245, -0.05489, 0.01100, 0.96599)
040920#(0.00, 1.20, -0.17)#(0.24052, -0.00562, 0.01005, 0.97058)
040921#(0.01, 1.23, -0.19)#(0.19159, 0.00956, 0.01522, 0.98131)
040922#(-0.12, 1.23, -0.20)#(0.17784, -0.18491, 0.05703, 0.96485)
040923#(-0.16, 1.22, -0.21)#(0.20242, -0.27666, 0.08855, 0.93523)
040924#(-0.15, 1.22, -0.21)#(0.20273, -0.26512, 0.08597, 0.93873)
040925#(-0.15, 1.23, -0.21)#(0.20482, -0.25768, 0.08264, 0.94065)
040926#(0.14, 1.22, -0.23)#(0.23253, 0.21068, -0.05136, 0.94811)
040927#(0.32, 1.22, -0.36)#(0.21876, 0.43909, -0.10649, 0.86487)
040928#(0.26, 1.18, -0.46)#(0.23127, 0.52199, -0.15465, 0.80631)
040929#(0.27, 1.10, -0.54)#(0.29364, 0.58308, -0.24809, 0.71572)
040930#(0.30, 1.12, -0.58)#(0.27124, 0.62824, -0.25288, 0.68395)
040931#(0.22, 1.19, -0.36)#(0.26447, 0.40039, -0.10571, 0.87096)
040932#(0.21, 1.19, -0.35)#(0.26920, 0.37251, -0.10378, 0.88204)
040933#(0.18, 1.24, -0.24)#(0.22488, 0.18688, -0.03178, 0.95577)
040934#(0.10, 1.25, -0.21)#(0.21501, -0.07469, 0.03691, 0.97305)
040935#(-0.18, 1.23, -0.26)#(0.21469, -0.33397, 0.10958, 0.91124)
040936#(-0.30, 1.21, -0.35)#(0.20091, -0.53612, 0.19655, 0.79597)
040937#(-0.27, 1.19, -0.47)#(0.16978, -0.68950, 0.26111, 0.65390)
040938#(-0.22, 1.16, -0.66)#(0.09572, -0.82664, 0.32148, 0.45183)
040939#(-0.25, 1.12, -0.62)#(0.15278, -0.78055, 0.36024, 0.48747)
040940#(-0.25, 1.12, -0.63)#(0.15742, -0.77827, 0.36127, 0.48888)
040941#(-0.27, 1.12, -0.62)#(0.16694, -0.77253, 0.35857, 0.49674)
040942#(-0.28, 1.12, -0.61)#(0.16747, -0.77145, 0.34663, 0.50663)
040943#(-0.25, 1.22, -0.56)#(0.08772, -0.80543, 0.18278, 0.55693)
040944#(-0.26, 1.27, -0.38)#(0.09424, -0.69258, 0.09583, 0.70871)
040945#(-0.23, 1.28, -0.32)#(0.07974, -0.60765, 0.06164, 0.78778)
040946#(-0.26, 1.27, -0.41)#(0.06699, -0.66981, 0.11639, 0.73029)
040947#(-0.26, 1.29, -0.39)#(0.06720, -0.62515, 0.08965, 0.77242)
040948#(-0.26, 1.29, -0.39)#(0.07005, -0.62036, 0.08587, 0.77645)
040949#(-0.28, 1.32, -0.36)#(0.04575, -0.60757, 0.05201, 0.79124)
040950#(-0.30, 1.32, -0.35)#(0.05515, -0.60311, 0.05903, 0.79355)
040951#(-0.30, 1.29, -0.36)#(0.09006, -0.60073, 0.09516, 0.78864)
040952#(-0.30, 1.25, -0.35)#(0.12933, -0.58804, 0.13199, 0.78744)
040953#(-0.28, 1.32, -0.31)#(0.02231, -0.54190, 0.03399, 0.83946)
040954#(-0.25, 1.30, -0.22)#(0.05780, -0.39749, 0.04644, 0.91461)
040955#(-0.18, 1.25, -0.18)#(0.11313, -0.30012, 0.07053, 0.94454)
040956#(-0.21, 1.21, -0.18)#(0.17549, -0.31414, 0.09375, 0.92830)
040957#(-0.22, 1.16, -0.19)#(0.26317, -0.33184, 0.13386, 0.89594)
040958#(-0.24, 1.15, -0.20)#(0.26955, -0.37175, 0.15064, 0.87547)
040959#(-0.08, 1.31, -0.13)#(0.08247, -0.15769, 0.01507, 0.98392)
041000#(0.01, 1.33, -0.15)#(0.07522, -0.04309, 0.01503, 0.99612)
041001#(0.01, 1.29, -0.17)#(0.10717, -0.14694, 0.03895, 0.98255)
041002#(0.02, 1.25, -0.15)#(0.15848, -0.16659, 0.04551, 0.97214)
041003#(0.01, 1.22, -0.16)#(0.20485, -0.16087, 0.06032, 0.96360)
041004#(-0.02, 1.22, -0.17)#(0.20195, -0.18552, 0.07087, 0.95905)
041005#(0.05, 1.25, -0.16)#(0.14828, -0.08925, 0.03373, 0.98433)
041006#(0.08, 1.23, -0.14)#(0.19819, -0.00838, 0.02850, 0.97971)
041007#(0.05, 1.26, -0.18)#(0.16136, 0.03842, 0.01827, 0.98598)
041008#(0.14, 1.23, -0.19)#(0.20278, 0.16355, -0.00815, 0.96544)
041009#(0.19, 1.24, -0.24)#(0.18601, 0.27458, -0.03382, 0.94279)
041010#(0.20, 1.24, -0.25)#(0.17923, 0.28140, -0.03031, 0.94222)
041011#(0.13, 1.24, -0.20)#(0.18168, 0.18780, -0.00170, 0.96526)
041012#(0.13, 1.24, -0.19)#(0.18900, 0.18262, -0.00058, 0.96485)
041013#(0.12, 1.24, -0.20)#(0.18111, 0.16650, 0.00114, 0.96927)
041014#(0.08, 1.25, -0.18)#(0.17512, 0.06329, 0.02224, 0.98226)
041015#(-0.06, 1.24, -0.19)#(0.17501, -0.20087, 0.06958, 0.96135)
041016#(-0.13, 1.20, -0.22)#(0.20994, -0.32175, 0.11483, 0.91609)
041017#(-0.16, 1.18, -0.25)#(0.24578, -0.37247, 0.14153, 0.88364)
041018#(0.01, 1.09, -0.14)#(0.41328, -0.10184, 0.06475, 0.90257)
041019#(0.08, 1.10, -0.13)#(0.42048, 0.04551, -0.00124, 0.90616)
041020#(0.22, 1.13, -0.21)#(0.37578, 0.25909, -0.08321, 0.88585)
041021#(0.24, 1.13, -0.25)#(0.35963, 0.29150, -0.10081, 0.88064)
041022#(0.25, 1.15, -0.27)#(0.33432, 0.35523, -0.09096, 0.86820)
041023#(0.25, 1.17, -0.28)#(0.30403, 0.36382, -0.07383, 0.87735)
041024#(0.24, 1.18, -0.28)#(0.28689, 0.36804, -0.05954, 0.88244)
041025#(0.23, 1.18, -0.27)#(0.28514, 0.36671, -0.05394, 0.88392)
041026#(0.23, 1.18, -0.27)#(0.28386, 0.36322, -0.05512, 0.88570)
041027#(0.27, 1.18, -0.33)#(0.27599, 0.45152, -0.09589, 0.84307)
041028#(0.27, 1.18, -0.33)#(0.27669, 0.44356, -0.08964, 0.84774)
041029#(0.27, 1.18, -0.32)#(0.27674, 0.43460, -0.08542, 0.85279)
041030#(0.23, 1.22, -0.30)#(0.18825, 0.40158, -0.03169, 0.89571)
041031#(0.16, 1.22, -0.25)#(0.20597, 0.32636, -0.02482, 0.92220)
041032#(0.16, 1.23, -0.25)#(0.20469, 0.31897, -0.02633, 0.92502)
041033#(0.17, 1.23, -0.25)#(0.20612, 0.32261, -0.02836, 0.92338)
041034#(0.16, 1.23, -0.24)#(0.21059, 0.32281, -0.02612, 0.92237)
041035#(0.16, 1.23, -0.25)#(0.20426, 0.32515, -0.02412, 0.92302)
041036#(0.16, 1.23, -0.24)#(0.20991, 0.32354, -0.02550, 0.92229)
041037#(0.16, 1.23, -0.25)#(0.21277, 0.32281, -0.02559, 0.92188)
041038#(0.17, 1.23, -0.25)#(0.21725, 0.32225, -0.02645, 0.92101)
041039#(0.16, 1.23, -0.24)#(0.21889, 0.32030, -0.02480, 0.92135)
041040#(0.16, 1.23, -0.23)#(0.21810, 0.31200, -0.02287, 0.92443)
041041#(0.17, 1.22, -0.23)#(0.22424, 0.29666, -0.03506, 0.92762)
041042#(0.33, 1.23, -0.19)#(0.21848, 0.31574, -0.03086, 0.92283)
041043#(0.30, 1.23, -0.20)#(0.23123, 0.40140, -0.06128, 0.88411)
041044#(0.33, 1.23, -0.25)#(0.23145, 0.45867, -0.08676, 0.85354)
041045#(0.32, 1.23, -0.24)#(0.23382, 0.45555, -0.08106, 0.85512)
041046#(0.33, 1.22, -0.23)#(0.25579, 0.43683, -0.09632, 0.85701)
041047#(0.33, 1.22, -0.23)#(0.30366, 0.42732, -0.12429, 0.84246)
041048#(0.32, 1.23, -0.23)#(0.28191, 0.43401, -0.10188, 0.84958)
041049#(0.27, 1.21, -0.17)#(0.31062, 0.30086, -0.06656, 0.89920)
041050#(0.27, 1.20, -0.18)#(0.32666, 0.29466, -0.06581, 0.89562)
041051#(0.28, 1.20, -0.19)#(0.34175, 0.30222, -0.08128, 0.88615)
041052#(0.30, 1.20, -0.23)#(0.33317, 0.37101, -0.11510, 0.85913)
041053#(0.32, 1.20, -0.23)#(0.33278, 0.39410, -0.12741, 0.84718)
041054#(0.33, 1.18, -0.21)#(0.36034, 0.38895, -0.13495, 0.83705)
041055#(0.32, 1.18, -0.21)#(0.36744, 0.38748, -0.13305, 0.83495)
041056#(0.32, 1.18, -0.21)#(0.36101, 0.38651, -0.12555, 0.83936)
041057#(0.32, 1.18, -0.20)#(0.35831, 0.38810, -0.11824, 0.84084)
041058#(0.33, 1.19, -0.21)#(0.36508, 0.38223, -0.14212, 0.83691)
041059#(0.32, 1.21, -0.21)#(0.34978, 0.39792, -0.12353, 0.83908)
041100#(0.31, 1.21, -0.21)#(0.34340, 0.38692, -0.12443, 0.84669)
041101#(0.33, 1.18, -0.21)#(0.37549, 0.40833, -0.14121, 0.81996)
041102#(0.33, 1.19, -0.24)#(0.37334, 0.45042, -0.14039, 0.79877)
041103#(0.34, 1.19, -0.26)#(0.37451, 0.48448, -0.13837, 0.77838)
041104#(0.34, 1.19, -0.26)#(0.37799, 0.46691, -0.13374, 0.78818)
041105#(0.34, 1.18, -0.21)#(0.39300, 0.38378, -0.13678, 0.82435)
041106#(0.31, 1.18, -0.17)#(0.41539, 0.30219, -0.13492, 0.84731)
041107#(0.29, 1.18, -0.16)#(0.41542, 0.25916, -0.12751, 0.86256)
041108#(0.28, 1.20, -0.19)#(0.37751, 0.29888, -0.10357, 0.87031)
041109#(0.35, 1.19, -0.28)#(0.37928, 0.47140, -0.16133, 0.77968)
041110#(0.36, 1.19, -0.28)#(0.38284, 0.49098, -0.14960, 0.76811)
041111#(0.35, 1.19, -0.26)#(0.38566, 0.45730, -0.14023, 0.78897)
041112#(0.33, 1.19, -0.22)#(0.37812, 0.39042, -0.12824, 0.82955)
041113#(0.33, 1.19, -0.21)#(0.40394, 0.34668, -0.15768, 0.83174)
041114#(0.33, 1.19, -0.22)#(0.39810, 0.35858, -0.14061, 0.83257)
041115#(0.32, 1.20, -0.22)#(0.37390, 0.40250, -0.09915, 0.82968)
041116#(0.31, 1.21, -0.23)#(0.36213, 0.41500, -0.09646, 0.82906)
041117#(0.31, 1.21, -0.23)#(0.35111, 0.40335, -0.09647, 0.83948)
041118#(0.31, 1.20, -0.24)#(0.35013, 0.39812, -0.09487, 0.84256)
041119#(0.31, 1.20, -0.22)#(0.40310, 0.37821, -0.09214, 0.82824)
041120#(0.30, 1.21, -0.22)#(0.37455, 0.36714, -0.08139, 0.84752)
041121#(0.31, 1.21, -0.21)#(0.37000, 0.37186, -0.07947, 0.84765)
041122#(0.30, 1.21, -0.20)#(0.37271, 0.37496, -0.07206, 0.84575)
041123#(0.31, 1.20, -0.21)#(0.35953, 0.38715, -0.09177, 0.84406)
041124#(0.32, 1.19, -0.21)#(0.38436, 0.37407, -0.09931, 0.83814)
041125#(0.31, 1.20, -0.23)#(0.36812, 0.38134, -0.09593, 0.84253)
041126#(0.31, 1.21, -0.23)#(0.37031, 0.39154, -0.08525, 0.83803)
041127#(0.30, 1.20, -0.22)#(0.35715, 0.37053, -0.08272, 0.85341)
041128#(0.30, 1.20, -0.21)#(0.36106, 0.36574, -0.07356, 0.85467)
041129#(0.31, 1.20, -0.24)#(0.37003, 0.39324, -0.09744, 0.83603)
041130#(0.32, 1.20, -0.25)#(0.36964, 0.39738, -0.10299, 0.83357)
041131#(0.33, 1.19, -0.28)#(0.36317, 0.43801, -0.12314, 0.81308)
041132#(0.32, 1.20, -0.28)#(0.36427, 0.43715, -0.12602, 0.81261)
041133#(0.33, 1.19, -0.27)#(0.37248, 0.46089, -0.10768, 0.79828)
041134#(0.33, 1.19, -0.26)#(0.37289, 0.45658, -0.10578, 0.80081)
041135#(0.33, 1.19, -0.26)#(0.36426, 0.44276, -0.10727, 0.81226)
041136#(0.32, 1.20, -0.25)#(0.44016, 0.38325, -0.03342, 0.81133)
041137#(0.31, 1.20, -0.25)#(0.43211, 0.37577, -0.02388, 0.81945)
041138#(0.31, 1.19, -0.25)#(0.43163, 0.36984, -0.02886, 0.82224)
041139#(0.31, 1.20, -0.24)#(0.43879, 0.36308, 0.00009, 0.82197)
041140#(0.28, 1.21, -0.22)#(0.44552, 0.28886, 0.02705, 0.84696)
041141#(0.27, 1.20, -0.26)#(0.51418, 0.28988, 0.13469, 0.79589)
041142#(0.25, 1.21, -0.27)#(0.52932, 0.27803, 0.19643, 0.77713)
041143#(0.24, 1.22, -0.28)#(0.52231, 0.28353, 0.20878, 0.77667)
041144#(0.23, 1.22, -0.27)#(0.52586, 0.27334, 0.23136, 0.77151)
041145#(0.23, 1.22, -0.25)#(0.50594, 0.25452, 0.27597, 0.77659)
041146#(0.23, 1.22, -0.23)#(0.52584, 0.24031, 0.30172, 0.75810)
041147#(0.23, 1.23, -0.23)#(0.52154, 0.26353, 0.32133, 0.74518)
041148#(0.22, 1.22, -0.24)#(0.51891, 0.26562, 0.32536, 0.74452)
041149#(0.23, 1.21, -0.23)#(0.51652, 0.24687, 0.32181, 0.75412)
041150#(0.24, 1.21, -0.22)#(0.51914, 0.25335, 0.33451, 0.74459)
041151#(0.24, 1.21, -0.22)#(0.52528, 0.24757, 0.33599, 0.74155)
041152#(0.24, 1.21, -0.22)#(0.53696, 0.24519, 0.32161, 0.74035)
041153#(0.25, 1.19, -0.22)#(0.57572, 0.22414, 0.28270, 0.73376)
041154#(0.25, 1.18, -0.23)#(0.58423, 0.22480, 0.27256, 0.73065)
041155#(0.25, 1.19, -0.22)#(0.57627, 0.23956, 0.28694, 0.72677)
041156#(0.25, 1.20, -0.22)#(0.55894, 0.25553, 0.30249, 0.72855)
041157#(0.25, 1.20, -0.23)#(0.55350, 0.26100, 0.30523, 0.72962)
041158#(0.24, 1.20, -0.24)#(0.54853, 0.26961, 0.30434, 0.73062)
041159#(0.22, 1.20, -0.22)#(0.53897, 0.25489, 0.31230, 0.73960)
041200#(0.16, 1.20, -0.17)#(0.51284, 0.21904, 0.33735, 0.75842)
041201#(0.17, 1.20, -0.17)#(0.51171, 0.25078, 0.33050, 0.75235)
041202#(0.17, 1.21, -0.19)#(0.50959, 0.25704, 0.31284, 0.75920)
041203#(0.17, 1.21, -0.18)#(0.52061, 0.23334, 0.28575, 0.76998)
041204#(0.17, 1.21, -0.18)#(0.52546, 0.22213, 0.27696, 0.77321)
041205#(0.17, 1.20, -0.18)#(0.54004, 0.18833, 0.25018, 0.78121)
041206#(0.17, 1.20, -0.19)#(0.53387, 0.16311, 0.24171, 0.79370)
041207#(0.17, 1.20, -0.18)#(0.53352, 0.16811, 0.24685, 0.79130)
041208#(0.16, 1.20, -0.19)#(0.53500, 0.19916, 0.26858, 0.77587)
041209#(0.16, 1.21, -0.20)#(0.52898, 0.18465, 0.25740, 0.78729)
041210#(0.17, 1.20, -0.19)#(0.52656, 0.17742, 0.25071, 0.79271)
041211#(0.17, 1.20, -0.18)#(0.52815, 0.18302, 0.25746, 0.78821)
041212#(0.17, 1.20, -0.18)#(0.52017, 0.16406, 0.24237, 0.80235)
041213#(0.16, 1.21, -0.19)#(0.51451, 0.16097, 0.24756, 0.80504)
041214#(0.16, 1.20, -0.19)#(0.51916, 0.15310, 0.26203, 0.79898)
041215#(0.15, 1.19, -0.18)#(0.53101, 0.12083, 0.29830, 0.78387)
041216#(0.15, 1.19, -0.17)#(0.53690, 0.12268, 0.29844, 0.77950)
041217#(0.15, 1.19, -0.17)#(0.53383, 0.11906, 0.29390, 0.78389)
041218#(0.15, 1.19, -0.18)#(0.53335, 0.12911, 0.29854, 0.78086)
041219#(0.15, 1.19, -0.18)#(0.53255, 0.13228, 0.30218, 0.77947)
041220#(0.16, 1.19, -0.18)#(0.52685, 0.13800, 0.24506, 0.80207)
041221#(0.22, 1.21, -0.16)#(0.46550, 0.24094, -0.06380, 0.84923)
041222#(0.24, 1.25, -0.17)#(0.33999, 0.14986, -0.03785, 0.92764)
041223#(0.31, 1.21, -0.23)#(0.39980, 0.34726, -0.14274, 0.83618)
041224#(0.31, 1.20, -0.23)#(0.40195, 0.38433, -0.16767, 0.81401)
041225#(0.30, 1.20, -0.25)#(0.38899, 0.37955, -0.16514, 0.82302)
041226#(0.29, 1.21, -0.24)#(0.37400, 0.36364, -0.15178, 0.83956)
041227#(0.28, 1.23, -0.23)#(0.31459, 0.33666, -0.12301, 0.87896)
041228#(0.25, 1.23, -0.21)#(0.31838, 0.28534, -0.09307, 0.89920)
041229#(0.20, 1.25, -0.20)#(0.29655, 0.20555, -0.04772, 0.93141)
041230#(0.23, 1.27, -0.23)#(0.23347, 0.26476, -0.06103, 0.93363)
041231#(0.20, 1.30, -0.20)#(0.20129, 0.20998, -0.02916, 0.95632)
041232#(0.17, 1.32, -0.19)#(0.18806, 0.17161, -0.01477, 0.96694)
041233#(0.16, 1.28, -0.18)#(0.24358, 0.14786, -0.01846, 0.95837)
041234#(0.18, 1.26, -0.17)#(0.27880, 0.15210, -0.02318, 0.94795)
041235#(0.12, 1.22, -0.14)#(0.35402, 0.04982, -0.00289, 0.93391)
041236#(0.14, 1.22, -0.13)#(0.35703, 0.06958, -0.00129, 0.93150)
041237#(0.16, 1.23, -0.13)#(0.34047, 0.08750, -0.00951, 0.93613)
041238#(0.16, 1.23, -0.13)#(0.33864, 0.09170, -0.01249, 0.93635)
041239#(0.24, 1.22, -0.17)#(0.34138, 0.25601, -0.07192, 0.90152)
041240#(0.26, 1.22, -0.19)#(0.33673, 0.31873, -0.09846, 0.88053)
041241#(0.14, 1.22, -0.13)#(0.35887, 0.13241, -0.02230, 0.92368)
041242#(0.16, 1.16, -0.12)#(0.45945, 0.22342, -0.06627, 0.85709)
041243#(0.28, 1.14, -0.42)#(0.34428, 0.62052, -0.32280, 0.62628)
041244#(0.25, 1.19, -0.51)#(-0.24851, -0.70043, 0.31559, -0.58996)
041245#(0.24, 1.36, -0.49)#(-0.09733, -0.78008, 0.11711, -0.60686)
041246#(0.21, 1.31, -0.60)#(-0.09350, -0.84024, 0.18666, -0.50041)
041247#(0.31, 1.29, -0.35)#(0.21534, 0.55193, -0.13638, 0.79398)
041248#(0.21, 1.26, -0.16)#(0.29200, 0.16305, -0.02983, 0.94194)
041249#(0.00, 1.26, -0.09)#(0.29069, -0.09051, 0.03965, 0.95170)
041250#(-0.13, 1.27, -0.11)#(0.26075, -0.29955, 0.13813, 0.90730)
041251#(-0.14, 1.26, -0.11)#(0.29350, -0.32407, 0.23477, 0.86817)
041252#(-0.13, 1.27, -0.10)#(0.27764, -0.31466, 0.18865, 0.88787)
041253#(-0.13, 1.26, -0.09)#(0.29320, -0.29515, 0.17092, 0.89315)
041254#(-0.13, 1.25, -0.09)#(0.28538, -0.34979, 0.14396, 0.88061)
041255#(-0.02, 1.25, -0.03)#(0.30166, -0.18112, 0.08106, 0.93254)
041256#(0.07, 1.28, -0.03)#(0.22649, -0.01946, 0.00870, 0.97378)
041257#(0.00, 1.29, -0.04)#(0.21158, -0.11202, 0.03020, 0.97045)
041258#(0.02, 1.33, -0.06)#(0.11112, -0.08541, 0.01754, 0.98997)
041259#(0.02, 1.35, -0.07)#(0.04670, -0.08199, 0.01003, 0.99549)
041300#(0.01, 1.34, -0.07)#(0.09209, -0.08788, 0.03168, 0.99136)
041301#(-0.03, 1.30, -0.09)#(0.15882, -0.19936, 0.06694, 0.96465)
041302#(0.03, 1.25, -0.04)#(0.25920, -0.11369, 0.05863, 0.95732)
041303#(0.02, 1.23, -0.02)#(0.31239, -0.11758, 0.04626, 0.94151)
041304#(0.01, 1.24, -0.02)#(0.31400, -0.11433, 0.05622, 0.94084)
041305#(0.02, 1.24, -0.02)#(0.30181, -0.08014, 0.06820, 0.94754)
041306#(0.01, 1.25, -0.02)#(0.28367, -0.09731, 0.06714, 0.95161)
041307#(0.01, 1.25, -0.03)#(0.29186, -0.13001, 0.04380, 0.94657)
041308#(0.00, 1.24, -0.03)#(0.30187, -0.13128, 0.05982, 0.94237)
041309#(-0.01, 1.24, -0.02)#(0.30741, -0.13562, 0.07055, 0.93922)
041310#(-0.01, 1.23, -0.02)#(0.32016, -0.13080, 0.07720, 0.93511)
041311#(-0.02, 1.23, -0.03)#(0.31759, -0.15549, 0.05973, 0.93348)
041312#(-0.13, 1.23, -0.10)#(0.29296, -0.38051, 0.14594, 0.86492)
041313#(-0.11, 1.29, -0.10)#(0.13597, -0.37834, 0.06499, 0.91332)
041314#(-0.03, 1.34, -0.07)#(0.03442, -0.22330, 0.00649, 0.97412)
041315#(-0.16, 1.32, -0.16)#(0.10219, -0.40883, 0.07559, 0.90371)
041316#(-0.22, 1.32, -0.31)#(0.08256, -0.61392, 0.10203, 0.77838)
041317#(-0.23, 1.32, -0.29)#(0.09640, -0.58661, 0.10134, 0.79770)
041318#(-0.09, 1.30, -0.08)#(0.15745, -0.26289, 0.05534, 0.95028)
041319#(0.03, 1.29, -0.02)#(0.18778, -0.04575, 0.01420, 0.98104)
041320#(0.00, 1.28, -0.03)#(0.21696, -0.06558, 0.02800, 0.97357)
041321#(0.00, 1.28, -0.03)#(0.22696, -0.06298, 0.03614, 0.97119)
041322#(0.00, 1.28, -0.02)#(0.26040, -0.04916, 0.04794, 0.96306)
041323#(-0.01, 1.28, -0.02)#(0.26408, -0.06088, 0.04498, 0.96152)
041324#(-0.01, 1.27, -0.02)#(0.27408, -0.07959, 0.04053, 0.95755)
041325#(-0.01, 1.27, -0.02)#(0.28427, -0.08495, 0.04334, 0.95399)
041326#(-0.01, 1.27, -0.02)#(0.27341, -0.08419, 0.04572, 0.95711)
041327#(0.00, 1.23, -0.02)#(0.36196, -0.05408, 0.07843, 0.92731)
041328#(0.05, 1.29, -0.01)#(0.32145, -0.01589, 0.08923, 0.94258)
041329#(0.07, 1.26, -0.06)#(0.38025, 0.00893, 0.05593, 0.92315)
041330#(0.05, 1.25, -0.05)#(0.35543, -0.03770, 0.05499, 0.93232)
041331#(0.06, 1.27, -0.05)#(0.25964, -0.07411, 0.01060, 0.96280)
041332#(0.06, 1.26, -0.05)#(0.26366, -0.07283, 0.01304, 0.96177)
041333#(0.05, 1.25, -0.04)#(0.34963, -0.03319, 0.06030, 0.93435)
041334#(0.03, 1.28, -0.05)#(0.28436, -0.12020, 0.04381, 0.95014)
041335#(-0.01, 1.27, -0.04)#(0.28175, -0.16310, 0.07025, 0.94291)
041336#(-0.01, 1.27, -0.05)#(0.27453, -0.15177, 0.06806, 0.94708)
041337#(-0.21, 1.26, -0.24)#(0.20892, -0.55665, 0.19127, 0.78097)
041338#(-0.15, 1.36, -0.40)#(0.07400, -0.64597, 0.10777, 0.75208)
041339#(-0.16, 1.28, -0.41)#(0.15548, -0.63958, 0.18201, 0.73050)
041340#(-0.17, 1.18, -0.42)#(0.23254, -0.63705, 0.29748, 0.67201)
041341#(-0.12, 1.19, -0.59)#(0.14036, -0.78051, 0.35258, 0.49677)
041342#(-0.08, 1.19, -0.63)#(0.11387, -0.80965, 0.36748, 0.44324)
041343#(-0.13, 1.19, -0.60)#(0.14581, -0.78452, 0.36486, 0.47974)
041344#(-0.15, 1.18, -0.59)#(0.15570, -0.77316, 0.36294, 0.49624)
041345#(-0.15, 1.19, -0.58)#(0.16803, -0.75448, 0.35698, 0.52449)
041346#(-0.16, 1.19, -0.56)#(0.18312, -0.73694, 0.34366, 0.55252)
041347#(-0.18, 1.20, -0.46)#(0.23217, -0.65392, 0.30421, 0.65264)
041348#(-0.03, 1.27, -0.22)#(0.20196, -0.35376, 0.11222, 0.90635)
041349#(0.02, 1.30, -0.25)#(0.21148, -0.26708, 0.09359, 0.93551)
041350#(0.00, 1.29, -0.26)#(0.23130, -0.29817, 0.11209, 0.91926)
041351#(-0.01, 1.28, -0.25)#(0.24307, -0.30126, 0.11544, 0.91479)
041352#(-0.03, 1.27, -0.25)#(0.24901, -0.30009, 0.12587, 0.91219)
041353#(-0.03, 1.28, -0.26)#(0.22883, -0.30027, 0.12151, 0.91799)
041354#(-0.04, 1.27, -0.25)#(0.24981, -0.29260, 0.12693, 0.91426)
041355#(-0.03, 1.28, -0.25)#(0.23879, -0.28351, 0.11669, 0.92140)
041356#(0.00, 1.36, -0.28)#(0.07744, -0.26625, 0.07043, 0.95820)
041357#(0.09, 1.35, -0.23)#(0.10451, -0.12386, 0.04247, 0.98587)
041358#(0.17, 1.30, -0.21)#(0.18464, 0.00350, 0.03633, 0.98213)
041359#(0.23, 1.29, -0.06)#(0.18897, 0.03352, 0.06310, 0.97938)
041400#(0.16, 1.23, -0.06)#(0.28229, 0.13999, -0.01485, 0.94895)
041401#(0.11, 1.25, -0.05)#(0.25714, 0.09746, 0.00840, 0.96141)
041402#(0.11, 1.25, -0.06)#(0.25696, 0.09211, 0.00952, 0.96198)
041403#(0.11, 1.27, -0.09)#(0.20762, 0.09865, 0.02769, 0.97283)
041404#(0.12, 1.27, -0.10)#(0.20271, 0.09996, 0.01896, 0.97394)
041405#(0.12, 1.25, -0.07)#(0.24331, 0.10436, 0.01005, 0.96427)
041406#(0.12, 1.24, -0.07)#(0.26898, 0.10945, 0.01021, 0.95685)
041407#(0.11, 1.24, -0.07)#(0.26785, 0.10666, 0.01115, 0.95747)
041408#(0.11, 1.23, -0.04)#(0.28811, 0.00411, 0.05248, 0.95615)
041409#(0.09, 1.22, -0.07)#(0.30817, 0.02356, 0.01625, 0.95090)
041410#(0.13, 1.24, -0.23)#(0.28579, -0.01411, 0.03865, 0.95741)
041411#(0.14, 1.25, -0.22)#(0.27944, 0.03295, 0.01511, 0.95948)
041412#(0.12, 1.25, -0.23)#(0.27941, 0.05537, 0.01524, 0.95845)
041413#(0.12, 1.24, -0.22)#(0.29247, 0.06804, 0.01578, 0.95372)
041414#(0.13, 1.24, -0.23)#(0.29249, 0.05808, 0.02541, 0.95416)
041415#(0.14, 1.24, -0.22)#(0.29330, 0.05751, 0.01562, 0.95416)
041416#(0.14, 1.25, -0.23)#(0.28938, 0.06379, 0.00841, 0.95505)
041417#(0.14, 1.25, -0.23)#(0.29030, 0.06491, 0.00693, 0.95471)
041418#(0.17, 1.25, -0.23)#(0.28496, 0.11563, -0.00336, 0.95153)
041419#(0.28, 1.33, -0.31)#(0.15033, 0.33435, -0.03726, 0.92964)
041420#(0.22, 1.29, -0.26)#(0.21691, 0.22766, -0.01589, 0.94914)
041421#(0.20, 1.28, -0.24)#(0.23253, 0.17559, -0.00599, 0.95659)
041422#(0.21, 1.27, -0.23)#(0.24430, 0.17565, 0.00700, 0.95363)
041423#(0.26, 1.27, -0.28)#(0.24107, 0.26633, -0.02711, 0.93286)
041424#(0.25, 1.27, -0.27)#(0.24126, 0.25621, -0.02136, 0.93579)
041425#(0.29, 1.26, -0.30)#(0.25261, 0.32205, -0.04009, 0.91152)
041426#(0.28, 1.26, -0.29)#(0.25625, 0.31137, -0.04168, 0.91414)
041427#(0.28, 1.26, -0.28)#(0.25402, 0.30370, -0.04068, 0.91738)
041428#(0.27, 1.26, -0.28)#(0.25429, 0.28315, -0.03567, 0.92406)
041429#(0.21, 1.26, -0.21)#(0.25447, 0.15900, 0.00126, 0.95392)
041430#(0.15, 1.27, -0.18)#(0.24824, 0.04592, 0.02354, 0.96732)
041431#(0.11, 1.27, -0.21)#(0.23850, -0.01189, 0.03662, 0.97038)
041432#(0.27, 1.27, -0.30)#(0.24756, 0.27452, -0.04693, 0.92798)
041433#(0.27, 1.25, -0.43)#(0.24626, 0.49630, -0.11370, 0.82469)
041434#(0.28, 1.24, -0.40)#(0.25845, 0.47738, -0.10794, 0.83286)
041435#(0.27, 1.25, -0.40)#(0.24627, 0.48004, -0.10066, 0.83593)
041436#(0.26, 1.20, -0.40)#(0.31163, 0.46351, -0.12367, 0.82021)
041437#(0.26, 1.18, -0.42)#(0.32424, 0.47662, -0.13776, 0.80543)
041438#(0.25, 1.22, -0.37)#(0.29057, 0.44373, -0.08818, 0.84315)
041439#(0.17, 1.27, -0.23)#(0.24302, 0.15302, 0.02935, 0.95743)
041440#(0.19, 1.28, -0.24)#(0.22307, 0.06426, 0.03771, 0.97195)
041441#(0.20, 1.26, -0.22)#(0.24854, 0.09673, 0.01620, 0.96364)
041442#(0.19, 1.26, -0.25)#(0.26115, 0.15186, 0.01288, 0.95319)
041443#(0.19, 1.26, -0.25)#(0.26626, 0.15884, 0.00336, 0.95072)
041444#(0.24, 1.26, -0.27)#(0.27726, 0.16082, 0.00660, 0.94722)
041445#(0.24, 1.26, -0.28)#(0.25687, 0.17555, -0.01240, 0.95029)
041446#(0.23, 1.27, -0.28)#(0.25360, 0.20859, -0.01437, 0.94444)
041447#(0.23, 1.26, -0.28)#(0.26811, 0.21173, -0.02758, 0.93943)
041448#(0.23, 1.26, -0.28)#(0.27032, 0.21492, -0.02965, 0.93801)
041449#(0.22, 1.26, -0.28)#(0.27346, 0.20829, -0.02106, 0.93883)
041450#(0.22, 1.26, -0.28)#(0.27379, 0.20531, -0.02281, 0.93934)
041451#(0.22, 1.26, -0.25)#(0.28706, 0.18362, -0.02083, 0.93992)
041452#(0.16, 1.25, -0.22)#(0.29856, 0.03285, 0.01679, 0.95368)
041453#(0.19, 1.25, -0.22)#(0.29779, 0.06129, 0.00503, 0.95265)
041454#(0.18, 1.26, -0.23)#(0.28592, 0.06068, 0.00292, 0.95633)
041455#(0.18, 1.26, -0.23)#(0.28723, 0.06365, 0.00425, 0.95573)
041456#(0.18, 1.25, -0.22)#(0.29218, 0.06455, 0.00237, 0.95418)
041457#(0.17, 1.26, -0.23)#(0.29376, 0.06956, 0.00640, 0.95332)
041458#(0.17, 1.26, -0.23)#(0.29272, 0.06392, 0.00546, 0.95404)
041459#(0.17, 1.26, -0.23)#(0.29124, 0.07122, 0.00425, 0.95399)
041500#(0.17, 1.26, -0.23)#(0.29427, 0.07407, 0.00421, 0.95284)
041501#(0.17, 1.26, -0.23)#(0.29226, 0.07356, 0.00819, 0.95347)
041502#(0.17, 1.26, -0.23)#(0.29362, 0.07445, 0.00766, 0.95299)
041503#(0.17, 1.25, -0.23)#(0.29987, 0.07707, 0.01202, 0.95078)
041504#(0.17, 1.25, -0.23)#(0.30939, 0.07813, 0.00759, 0.94769)
041505#(0.17, 1.25, -0.24)#(0.30219, 0.07736, 0.01235, 0.95002)
041506#(0.17, 1.26, -0.25)#(0.29695, 0.07564, 0.01044, 0.95183)
041507#(0.17, 1.26, -0.25)#(0.29391, 0.07979, 0.00819, 0.95246)
041508#(0.17, 1.26, -0.26)#(0.28273, 0.08199, 0.01013, 0.95563)
041509#(0.18, 1.27, -0.25)#(0.26570, 0.09628, 0.01295, 0.95915)
041510#(0.20, 1.46, -0.24)#(-0.03502, 0.15940, 0.02015, 0.98639)
041511#(0.20, 1.47, -0.25)#(-0.04919, 0.14400, 0.02650, 0.98800)
041512#(0.18, 1.45, -0.21)#(-0.00567, 0.15640, 0.03331, 0.98712)
041513#(0.17, 1.32, -0.19)#(0.16691, 0.14485, 0.01484, 0.97516)
041514#(0.17, 1.27, -0.16)#(0.22791, 0.12479, 0.00674, 0.96563)
041515#(0.16, 1.28, -0.17)#(0.21497, 0.11727, 0.00951, 0.96951)
041516#(0.16, 1.32, -0.21)#(0.15413, 0.12443, 0.00628, 0.98016)
041517#(0.18, 1.32, -0.23)#(0.15379, 0.11996, -0.00010, 0.98079)
041518#(0.19, 1.33, -0.25)#(0.11970, 0.11637, 0.00939, 0.98592)
041519#(0.22, 1.33, -0.24)#(0.12601, 0.22252, -0.02256, 0.96649)
041520#(0.23, 1.32, -0.23)#(0.16250, 0.21133, -0.02618, 0.96346)
041521#(-0.03, 1.30, -0.19)#(0.17699, -0.14818, 0.05636, 0.97136)
041522#(-0.09, 1.29, -0.22)#(0.18344, -0.28407, 0.07430, 0.93816)
041523#(-0.11, 1.29, -0.26)#(0.17637, -0.33265, 0.10285, 0.92068)
041524#(-0.07, 1.29, -0.23)#(0.18054, -0.25271, 0.07880, 0.94728)
041525#(0.09, 1.31, -0.16)#(0.17436, -0.01406, 0.01676, 0.98444)
041526#(0.21, 1.32, -0.22)#(0.15579, 0.18578, -0.01601, 0.97003)
041527#(0.28, 1.30, -0.46)#(0.14625, 0.52386, -0.06240, 0.83683)
041528#(0.25, 1.27, -0.43)#(0.19748, 0.48894, -0.06601, 0.84711)
041529#(0.24, 1.25, -0.36)#(0.22814, 0.39349, -0.04649, 0.88936)
041530#(0.23, 1.26, -0.36)#(0.22367, 0.39532, -0.04688, 0.88966)
041531#(0.23, 1.25, -0.34)#(0.22748, 0.39195, -0.04029, 0.89051)
041532#(0.22, 1.26, -0.33)#(0.22029, 0.38263, -0.03478, 0.89658)
041533#(0.21, 1.26, -0.33)#(0.22270, 0.37692, -0.02872, 0.89862)
041534#(0.21, 1.26, -0.34)#(0.22267, 0.37731, -0.02642, 0.89853)
041535#(0.21, 1.26, -0.33)#(0.23222, 0.37143, -0.03340, 0.89833)
041536#(0.21, 1.26, -0.31)#(0.24746, 0.36552, -0.03093, 0.89677)
041537#(0.21, 1.26, -0.32)#(0.24706, 0.36951, -0.03550, 0.89508)
041538#(0.20, 1.26, -0.32)#(0.25017, 0.35457, -0.03863, 0.90011)
041539#(0.18, 1.26, -0.30)#(0.25416, 0.33655, -0.03390, 0.90608)
041540#(0.18, 1.26, -0.33)#(0.24640, 0.34326, -0.03615, 0.90562)
041541#(0.19, 1.26, -0.31)#(0.25793, 0.34690, -0.03624, 0.90101)
041542#(0.18, 1.26, -0.30)#(0.26523, 0.33928, -0.03098, 0.90199)
041543#(0.18, 1.25, -0.30)#(0.26433, 0.33911, -0.03056, 0.90233)
041544#(0.18, 1.26, -0.30)#(0.26037, 0.34127, -0.02884, 0.90272)
041545#(0.18, 1.25, -0.29)#(0.26787, 0.33934, -0.02561, 0.90136)
041546#(0.17, 1.25, -0.29)#(0.26829, 0.33821, -0.02263, 0.90173)
041547#(0.17, 1.25, -0.30)#(0.27182, 0.33625, -0.02573, 0.90132)
041548#(0.18, 1.25, -0.31)#(0.26938, 0.33703, -0.03122, 0.90159)