021535#(0.25, 1.43, -0.92)#(0.20380, -0.00751, -0.03677, 0.97829)
021536#(0.26, 1.45, -0.94)#(0.19949, 0.02254, -0.04545, 0.97859)
021537#(0.01, 1.37, -0.80)#(0.29985, -0.41579, 0.11881, 0.85035)
021538#(-0.30, 1.30, -0.80)#(0.30745, -0.59035, 0.26165, 0.69893)
021539#(-0.43, 1.13, -0.76)#(0.45489, -0.47586, 0.31202, 0.68504)
021540#(-0.38, 1.12, -0.77)#(0.44972, -0.50568, 0.34807, 0.64876)
021541#(-0.37, 1.14, -0.76)#(0.39807, -0.51621, 0.33034, 0.68260)
021542#(-0.24, 1.18, -0.60)#(0.35977, -0.55779, 0.31765, 0.67715)
021543#(-0.29, 1.26, -0.32)#(0.32544, -0.55116, 0.23126, 0.73268)
021544#(-0.07, 1.37, -0.06)#(0.26635, -0.26574, 0.10413, 0.92065)
021545#(-0.08, 1.37, -0.09)#(0.24507, -0.32055, 0.07507, 0.91189)
021546#(-0.07, 1.38, -0.09)#(0.23669, -0.31038, 0.07342, 0.91774)
021547#(-0.09, 1.37, -0.09)#(0.24236, -0.32586, 0.08241, 0.91010)
021548#(-0.10, 1.36, -0.08)#(0.26228, -0.31835, 0.08686, 0.90682)
021549#(-0.14, 1.34, 0.18)#(0.29574, -0.26402, 0.03677, 0.91732)
021550#(-0.36, 1.29, 0.44)#(0.34625, -0.27541, 0.05013, 0.89540)
021551#(-0.38, 1.28, 0.48)#(0.35371, -0.25332, 0.03991, 0.89951)
021552#(-0.42, 1.30, 0.44)#(0.32028, -0.29604, 0.06121, 0.89779)
021553#(-0.45, 1.20, 0.34)#(0.55036, -0.20158, 0.06314, 0.80776)
021554#(-0.40, 1.25, 0.16)#(0.51432, -0.20565, 0.02900, 0.83207)
021555#(-0.49, 1.55, -0.12)#(0.07759, -0.69909, 0.06732, 0.70762)
021556#(-0.75, 1.50, -0.09)#(0.12834, -0.72360, 0.09218, 0.67189)
021557#(-0.82, 1.46, -0.01)#(0.17714, -0.69643, 0.11620, 0.68564)
021558#(-0.88, 1.48, -0.09)#(0.08318, -0.66862, 0.07840, 0.73477)
021559#(-1.00, 1.43, -0.06)#(0.13034, -0.69519, 0.07407, 0.70302)
021600#(-1.05, 1.39, -0.07)#(0.14322, -0.69495, 0.05788, 0.70227)
021601#(-1.04, 1.40, -0.08)#(0.11872, -0.68725, 0.03657, 0.71572)
021602#(-1.04, 1.41, -0.08)#(0.11357, -0.67749, 0.03374, 0.72593)
021603#(-1.02, 1.50, -0.07)#(0.08387, -0.70953, -0.04842, 0.69799)
021604#(-1.02, 1.53, -0.10)#(0.08267, -0.72531, -0.04759, 0.68178)
021605#(-1.01, 1.53, -0.08)#(0.08206, -0.72142, -0.04378, 0.68622)
021606#(-1.02, 1.56, 0.03)#(0.04491, -0.66735, -0.04936, 0.74175)
021607#(-1.01, 1.55, 0.01)#(0.05154, -0.67263, -0.04751, 0.73665)
021608#(-0.94, 1.51, 0.00)#(0.16054, -0.68120, 0.07775, 0.71003)
021609#(-0.86, 1.52, 0.00)#(0.13075, -0.67762, 0.05768, 0.72139)
021610#(-0.49, 1.54, 0.24)#(0.10814, -0.17530, 0.01055, 0.97850)
021611#(-0.19, 1.54, 0.28)#(0.13311, -0.03217, -0.04925, 0.98935)
021612#(-0.25, 1.53, 0.28)#(0.11821, -0.03671, -0.04257, 0.99140)
021613#(-0.24, 1.48, 0.31)#(0.19992, -0.03794, -0.05414, 0.97758)
021614#(-0.24, 1.33, 0.30)#(0.34536, -0.01011, -0.02628, 0.93805)
021615#(-0.25, 1.35, 0.29)#(0.32241, -0.02300, -0.03158, 0.94579)
021616#(-0.25, 1.35, 0.30)#(0.31416, -0.03071, -0.08457, 0.94510)
021617#(-0.21, 1.34, 0.32)#(0.31633, -0.02850, -0.08201, 0.94467)
021618#(-0.13, 1.42, 0.39)#(0.22548, 0.05802, -0.07016, 0.96999)
021619#(-0.03, 1.52, 0.51)#(0.08980, 0.24978, -0.06436, 0.96198)
021620#(-0.04, 1.50, 0.50)#(0.09613, 0.19559, -0.08181, 0.97253)
021621#(-0.02, 1.49, 0.52)#(0.10256, 0.17289, -0.08401, 0.97598)
021622#(0.05, 1.40, 0.78)#(0.28918, 0.24366, -0.15819, 0.91213)
021623#(0.06, 1.25, 0.77)#(0.48609, 0.29007, -0.21336, 0.79627)
021624#(-0.02, 1.37, 0.71)#(0.45499, 0.31001, -0.21811, 0.80580)
021625#(-0.03, 1.41, 0.69)#(0.41902, 0.33584, -0.20264, 0.81889)
021626#(-0.01, 1.40, 0.70)#(0.43877, 0.30496, -0.21619, 0.81715)
021627#(-0.02, 1.41, 0.69)#(0.42846, 0.29697, -0.20947, 0.82725)
021628#(-0.04, 1.41, 0.68)#(0.41699, 0.30138, -0.20419, 0.83282)
021629#(-0.04, 1.41, 0.69)#(0.42210, 0.31524, -0.20938, 0.82378)
021630#(-0.03, 1.40, 0.72)#(0.43738, 0.31029, -0.20913, 0.81773)
021631#(-0.03, 1.40, 0.73)#(0.44325, 0.31457, -0.20144, 0.81486)
021632#(-0.03, 1.41, 0.72)#(0.44752, 0.30888, -0.20394, 0.81408)
021633#(0.00, 1.42, 0.67)#(0.42217, 0.31533, -0.21559, 0.82211)
021634#(0.00, 1.44, 0.65)#(0.39824, 0.33675, -0.23223, 0.82102)
021635#(-0.02, 1.44, 0.66)#(0.40186, 0.34384, -0.22475, 0.81840)
021636#(-0.03, 1.44, 0.67)#(0.42194, 0.32612, -0.22109, 0.81654)
021637#(-0.05, 1.44, 0.66)#(0.41716, 0.31749, -0.22189, 0.82216)
021638#(-0.04, 1.44, 0.67)#(0.41631, 0.30763, -0.21466, 0.82824)
021639#(-0.03, 1.43, 0.69)#(0.42578, 0.29334, -0.21823, 0.82767)
021640#(-0.01, 1.44, 0.69)#(0.42517, 0.29758, -0.21493, 0.82733)
021641#(0.03, 1.43, 0.63)#(0.39517, 0.34245, -0.22675, 0.82168)
021642#(0.06, 1.43, 0.66)#(0.32011, 0.42849, -0.25784, 0.80464)
021643#(0.05, 1.46, 0.67)#(0.19082, 0.60259, -0.17280, 0.75539)
021644#(0.05, 1.48, 0.59)#(0.15202, 0.65476, -0.15728, 0.72349)
021645#(0.02, 1.50, 0.57)#(0.14678, 0.62164, -0.16130, 0.75233)
021646#(0.01, 1.49, 0.53)#(0.12690, 0.68338, -0.16222, 0.70040)
021647#(0.01, 1.49, 0.54)#(0.12753, 0.65720, -0.15550, 0.72639)
021648#(0.02, 1.50, 0.54)#(0.12693, 0.65065, -0.15437, 0.73261)
021649#(0.02, 1.50, 0.55)#(0.12925, 0.63983, -0.15644, 0.74124)
021650#(0.00, 1.52, 0.56)#(0.12134, 0.60477, -0.15968, 0.77073)
021651#(0.00, 1.51, 0.58)#(0.12909, 0.60312, -0.15881, 0.77094)
021652#(0.01, 1.51, 0.59)#(0.13276, 0.60331, -0.15950, 0.77003)
021653#(0.01, 1.51, 0.58)#(0.12853, 0.60940, -0.15647, 0.76657)
021654#(-0.01, 1.52, 0.58)#(0.12708, 0.59410, -0.14775, 0.78043)
021655#(-0.01, 1.52, 0.58)#(0.12561, 0.59812, -0.14663, 0.77780)
021656#(-0.02, 1.52, 0.58)#(0.10327, 0.61570, -0.13664, 0.76914)
021657#(0.00, 1.52, 0.57)#(0.09911, 0.63006, -0.13294, 0.75864)
021658#(0.03, 1.52, 0.57)#(0.10424, 0.62582, -0.13377, 0.76130)
021659#(0.02, 1.51, 0.58)#(0.11459, 0.61998, -0.13819, 0.76381)
021700#(0.01, 1.52, 0.57)#(0.10407, 0.61700, -0.13505, 0.76827)
021701#(0.01, 1.52, 0.57)#(0.09850, 0.61597, -0.13247, 0.77028)
021702#(0.00, 1.52, 0.57)#(0.09581, 0.61976, -0.12797, 0.76833)
021703#(-0.01, 1.52, 0.58)#(0.09545, 0.62041, -0.12207, 0.76882)
021704#(-0.02, 1.52, 0.59)#(0.09518, 0.62468, -0.12000, 0.76571)
021705#(-0.02, 1.52, 0.60)#(0.09859, 0.62533, -0.12406, 0.76410)
021706#(-0.01, 1.52, 0.60)#(0.10123, 0.62103, -0.12836, 0.76655)
021707#(0.02, 1.52, 0.60)#(0.10072, 0.61703, -0.12654, 0.77014)
021708#(0.02, 1.52, 0.60)#(0.09977, 0.61281, -0.12508, 0.77387)
021709#(-0.01, 1.52, 0.61)#(0.09670, 0.61597, -0.11964, 0.77260)
021710#(-0.01, 1.52, 0.61)#(0.09625, 0.62335, -0.12166, 0.76640)
021711#(0.00, 1.52, 0.61)#(0.09627, 0.61992, -0.11999, 0.76944)
021712#(0.00, 1.52, 0.61)#(0.09370, 0.61803, -0.11806, 0.77157)
021713#(-0.02, 1.52, 0.60)#(0.09010, 0.62460, -0.11621, 0.76698)
021714#(-0.04, 1.53, 0.60)#(0.08576, 0.62491, -0.11280, 0.76773)
021715#(-0.04, 1.52, 0.61)#(0.08635, 0.63270, -0.11415, 0.76105)
021716#(-0.02, 1.53, 0.62)#(0.08493, 0.62668, -0.11191, 0.76650)
021717#(0.00, 1.52, 0.61)#(0.08130, 0.63240, -0.11002, 0.76247)
021718#(0.03, 1.52, 0.60)#(0.08120, 0.63578, -0.11122, 0.75949)
021719#(0.04, 1.52, 0.60)#(0.08434, 0.62522, -0.11916, 0.76668)
021720#(0.04, 1.52, 0.60)#(0.08168, 0.62108, -0.11307, 0.77124)
021721#(0.02, 1.52, 0.60)#(0.07717, 0.62658, -0.11422, 0.76707)
021722#(0.01, 1.52, 0.60)#(0.07995, 0.62382, -0.11645, 0.76870)
021723#(0.00, 1.53, 0.60)#(0.07835, 0.63182, -0.10806, 0.76354)
021724#(0.01, 1.52, 0.58)#(0.07863, 0.63867, -0.11167, 0.75726)
021725#(0.08, 1.49, 0.45)#(0.10758, 0.68396, -0.15665, 0.70433)
021726#(0.28, 1.45, 0.46)#(0.14367, 0.67525, -0.18185, 0.70024)
021727#(0.18, 1.49, 0.44)#(0.09670, 0.67093, -0.17242, 0.71469)
021728#(0.12, 1.48, 0.44)#(0.10276, 0.65650, -0.15358, 0.73134)
021729#(0.15, 1.45, 0.41)#(0.13709, 0.67892, -0.19724, 0.69381)
021730#(0.13, 1.46, 0.43)#(0.12368, 0.67191, -0.19521, 0.70366)
021731#(0.14, 1.46, 0.42)#(0.13170, 0.67237, -0.19674, 0.70133)
021732#(0.20, 1.45, 0.41)#(0.13252, 0.70111, -0.21098, 0.66811)
021733#(0.41, 1.42, 0.33)#(0.15495, 0.75282, -0.32231, 0.55259)
021734#(0.51, 1.41, 0.36)#(0.19529, 0.70910, -0.24971, 0.62982)
021735#(0.06, 1.37, 0.61)#(0.28832, 0.55171, -0.15597, 0.76692)
021736#(-0.14, 1.42, 0.64)#(0.37163, 0.50009, -0.12195, 0.77261)
021737#(-0.15, 1.44, 0.67)#(0.42916, 0.46615, -0.08058, 0.76944)
021738#(-0.18, 1.45, 0.49)#(0.34265, 0.71240, -0.22889, 0.56805)
021739#(-0.03, 1.41, 0.35)#(0.25939, 0.71669, -0.32300, 0.56103)
021740#(0.37, 1.01, 0.30)#(0.27812, 0.67724, -0.37600, 0.56800)
021741#(0.43, 0.99, 0.30)#(0.30983, 0.68971, -0.37615, 0.53556)
021742#(0.38, 0.96, 0.34)#(0.16587, 0.72386, -0.20630, 0.63715)
021743#(0.29, 0.76, 0.43)#(0.12707, 0.66573, -0.14760, 0.72033)
021744#(0.27, 0.71, 0.38)#(0.08715, 0.70045, -0.18935, 0.68259)
021745#(0.31, 0.68, 0.42)#(0.10661, 0.66991, -0.21307, 0.70317)
021746#(0.31, 0.68, 0.42)#(0.09631, 0.66546, -0.20606, 0.71094)
021747#(0.38, 0.75, 0.35)#(0.11097, 0.73039, -0.19872, 0.64399)
021748#(0.53, 0.88, 0.33)#(0.13920, 0.74652, -0.19622, 0.62034)
021749#(0.64, 0.87, 0.36)#(0.23568, 0.72072, -0.28361, 0.58702)
021750#(0.68, 0.89, 0.34)#(0.29847, 0.69644, -0.35150, 0.54985)
021751#(0.68, 0.92, 0.32)#(0.27022, 0.71184, -0.33891, 0.55263)
021752#(0.67, 0.91, 0.31)#(0.27107, 0.71791, -0.34080, 0.54313)
021753#(0.73, 0.93, 0.34)#(0.28282, 0.70134, -0.36083, 0.54584)
021754#(0.79, 0.96, 0.30)#(0.29881, 0.65830, -0.30300, 0.62092)
021755#(0.74, 0.94, 0.31)#(0.26203, 0.70208, -0.27493, 0.60236)
021756#(0.72, 0.92, 0.33)#(0.24994, 0.69879, -0.28795, 0.60523)
021757#(0.66, 0.90, 0.34)#(0.26502, 0.69783, -0.29208, 0.59790)
021758#(0.71, 0.97, 0.32)#(0.27271, 0.71287, -0.32610, 0.55776)
021759#(0.71, 0.96, 0.30)#(0.27264, 0.70134, -0.33745, 0.56561)
021800#(0.19, 0.91, 0.20)#(0.05784, 0.91599, -0.18552, 0.35099)
021801#(-0.18, 0.97, 0.18)#(0.25782, -0.87804, 0.17015, 0.36555)
021802#(-0.22, 1.08, 0.38)#(0.05980, -0.83553, -0.16866, 0.51948)
021803#(0.18, 0.89, 0.25)#(0.06602, 0.93450, -0.15166, 0.31521)
021804#(0.42, 0.75, 0.32)#(0.23862, 0.73681, -0.29994, 0.55696)
021805#(0.38, 0.78, 0.34)#(0.24034, 0.74856, -0.24377, 0.56787)
021806#(0.54, 0.93, 0.53)#(0.13946, 0.70356, -0.10650, 0.68863)
021807#(0.42, 1.11, 0.42)#(0.30710, 0.72618, -0.28521, 0.54499)
021808#(0.66, 1.24, 0.22)#(0.30662, 0.70099, -0.44795, 0.46252)
021809#(0.86, 1.11, 0.19)#(0.36581, 0.65694, -0.45317, 0.47880)
021810#(0.86, 1.09, 0.19)#(0.32955, 0.65874, -0.52887, 0.42160)
021811#(0.85, 1.10, 0.19)#(0.33199, 0.68132, -0.52176, 0.39159)
021812#(0.85, 1.10, 0.19)#(0.33136, 0.68834, -0.51777, 0.38510)
021813#(0.85, 1.10, 0.19)#(0.33094, 0.68611, -0.51426, 0.39404)
021814#(0.85, 1.10, 0.19)#(0.32951, 0.68932, -0.51232, 0.39216)
021815#(0.85, 1.11, 0.19)#(0.33031, 0.69202, -0.51015, 0.38956)
021816#(0.85, 1.11, 0.19)#(0.32389, 0.68950, -0.51063, 0.39868)
021817#(0.84, 1.10, 0.19)#(0.32355, 0.69127, -0.50568, 0.40219)
021818#(0.85, 1.10, 0.18)#(0.33275, 0.69220, -0.50407, 0.39504)
021819#(0.85, 1.10, 0.19)#(0.35107, 0.67678, -0.49758, 0.41368)
021820#(0.85, 1.11, 0.18)#(0.27217, 0.68169, -0.48403, 0.47637)
021821#(0.85, 1.12, 0.20)#(0.28007, 0.67466, -0.47654, 0.48918)
021822#(0.85, 1.13, 0.19)#(0.27023, 0.68459, -0.45697, 0.49949)
021823#(0.84, 1.15, 0.21)#(0.26331, 0.70822, -0.42124, 0.50165)
021824#(0.85, 1.13, 0.19)#(0.27895, 0.71651, -0.41673, 0.48490)
021825#(0.85, 1.13, 0.18)#(0.28483, 0.72615, -0.43058, 0.45406)
021826#(0.86, 1.13, 0.18)#(0.29125, 0.72204, -0.43586, 0.45152)
021827#(0.85, 1.13, 0.19)#(0.29680, 0.71890, -0.42379, 0.46420)
021828#(0.85, 1.14, 0.20)#(0.31451, 0.73627, -0.40576, 0.44085)
021829#(0.84, 1.15, 0.20)#(0.32387, 0.74061, -0.40327, 0.42892)
021830#(0.83, 1.17, 0.18)#(0.32295, 0.73601, -0.40496, 0.43590)
021831#(0.83, 1.13, 0.18)#(0.31834, 0.70997, -0.41191, 0.47427)
021832#(0.84, 1.15, 0.20)#(0.30387, 0.70179, -0.38729, 0.51495)
021833#(0.85, 1.16, 0.19)#(0.30000, 0.72176, -0.38697, 0.48920)
021834#(0.86, 1.14, 0.19)#(0.31701, 0.71637, -0.38233, 0.49004)
021835#(0.86, 1.12, 0.21)#(0.33096, 0.69074, -0.39616, 0.50636)
021836#(0.86, 1.12, 0.19)#(0.33620, 0.68793, -0.39877, 0.50468)
021837#(0.86, 1.12, 0.19)#(0.33848, 0.68548, -0.39794, 0.50715)
021838#(0.86, 1.11, 0.20)#(0.34670, 0.68217, -0.39164, 0.51095)
021839#(0.86, 1.11, 0.19)#(0.34626, 0.67881, -0.39880, 0.51018)
021840#(0.87, 1.09, 0.19)#(0.35097, 0.66725, -0.42500, 0.50097)
021841#(0.87, 1.08, 0.20)#(0.36735, 0.65927, -0.42835, 0.49694)
021842#(0.87, 1.08, 0.19)#(0.36431, 0.65714, -0.43062, 0.50001)
021843#(0.88, 1.09, 0.19)#(0.36562, 0.65993, -0.42835, 0.49733)
021844#(0.87, 1.09, 0.19)#(0.36090, 0.66260, -0.42964, 0.49611)
021845#(0.87, 1.09, 0.19)#(0.35927, 0.66308, -0.42994, 0.49639)
021846#(0.87, 1.09, 0.19)#(0.35821, 0.66378, -0.42971, 0.49641)
021847#(0.87, 1.09, 0.18)#(0.35748, 0.66442, -0.43243, 0.49371)
021848#(0.87, 1.10, 0.17)#(0.35373, 0.66932, -0.43070, 0.49130)
021849#(0.87, 1.10, 0.18)#(0.35334, 0.67012, -0.43251, 0.48890)
021850#(0.87, 1.10, 0.17)#(0.35206, 0.67272, -0.43229, 0.48644)
021851#(0.87, 1.10, 0.17)#(0.34884, 0.67603, -0.43234, 0.48413)
021852#(0.87, 1.10, 0.17)#(0.34809, 0.67745, -0.43163, 0.48331)
021853#(0.87, 1.10, 0.17)#(0.34689, 0.67911, -0.43058, 0.48278)
021854#(0.87, 1.10, 0.17)#(0.34941, 0.68108, -0.43181, 0.47705)
021855#(0.86, 1.10, 0.17)#(0.34632, 0.68367, -0.43042, 0.47686)
021856#(0.86, 1.11, 0.17)#(0.34503, 0.68250, -0.42832, 0.48135)
021857#(0.86, 1.11, 0.18)#(0.34570, 0.68442, -0.42730, 0.47904)
021858#(0.86, 1.11, 0.18)#(0.34315, 0.68581, -0.42416, 0.48166)
021859#(0.86, 1.11, 0.18)#(0.34565, 0.68704, -0.42626, 0.47624)
021900#(0.85, 1.11, 0.17)#(0.34384, 0.68489, -0.43178, 0.47567)
021901#(0.85, 1.11, 0.17)#(0.34089, 0.68545, -0.43175, 0.47701)
021902#(0.85, 1.12, 0.17)#(0.34039, 0.69019, -0.42941, 0.47263)
021903#(0.85, 1.12, 0.17)#(0.33929, 0.69643, -0.43087, 0.46283)
021904#(0.85, 1.12, 0.19)#(0.33849, 0.70430, -0.42671, 0.45531)
021905#(0.85, 1.13, 0.19)#(0.33586, 0.71795, -0.42340, 0.43873)
021906#(0.85, 1.13, 0.19)#(0.33712, 0.71413, -0.42282, 0.44451)
021907#(0.85, 1.13, 0.21)#(0.35062, 0.70293, -0.40878, 0.46460)
021908#(0.85, 1.13, 0.20)#(0.35105, 0.70100, -0.40635, 0.46930)
021909#(0.85, 1.13, 0.18)#(0.35009, 0.70244, -0.40850, 0.46598)
021910#(0.85, 1.13, 0.18)#(0.34448, 0.70589, -0.40890, 0.46461)
021911#(0.85, 1.13, 0.18)#(0.34033, 0.71502, -0.40891, 0.45355)
021912#(0.85, 1.13, 0.19)#(0.33470, 0.71931, -0.40404, 0.45533)
021913#(0.85, 1.13, 0.18)#(0.33521, 0.71128, -0.41487, 0.45781)
021914#(0.84, 1.13, 0.19)#(0.33144, 0.69842, -0.42175, 0.47379)
021915#(0.84, 1.13, 0.19)#(0.32815, 0.69648, -0.42224, 0.47848)
021916#(0.83, 1.14, 0.19)#(0.32683, 0.69756, -0.41951, 0.48021)
021917#(0.84, 1.14, 0.18)#(0.32924, 0.69755, -0.41852, 0.47944)
021918#(0.85, 1.13, 0.18)#(0.33108, 0.69173, -0.42393, 0.48185)
021919#(0.85, 1.13, 0.18)#(0.33033, 0.69469, -0.43348, 0.46945)
021920#(0.85, 1.12, 0.20)#(0.33344, 0.70182, -0.43408, 0.45589)
021921#(0.84, 1.12, 0.20)#(0.33292, 0.70826, -0.43635, 0.44399)
021922#(0.84, 1.12, 0.20)#(0.33732, 0.70142, -0.43454, 0.45322)
021923#(0.85, 1.12, 0.19)#(0.34108, 0.69715, -0.43770, 0.45394)
021924#(0.85, 1.12, 0.19)#(0.33961, 0.69550, -0.43874, 0.45657)
021925#(0.84, 1.12, 0.19)#(0.33743, 0.69663, -0.43899, 0.45622)
021926#(0.84, 1.12, 0.18)#(0.33751, 0.69357, -0.44155, 0.45836)
021927#(0.85, 1.12, 0.18)#(0.33900, 0.69107, -0.44680, 0.45593)
021928#(0.86, 1.12, 0.18)#(0.34042, 0.68597, -0.44904, 0.46035)
021929#(0.86, 1.12, 0.20)#(0.34728, 0.68446, -0.44365, 0.46269)
021930#(0.86, 1.12, 0.21)#(0.34972, 0.69153, -0.44092, 0.45285)
021931#(0.87, 1.11, 0.22)#(0.35672, 0.68247, -0.44823, 0.45395)
021932#(0.87, 1.09, 0.21)#(0.36296, 0.68191, -0.43914, 0.45872)
021933#(0.88, 1.07, 0.21)#(0.37349, 0.66609, -0.44642, 0.46640)
021934#(0.87, 1.08, 0.21)#(0.37590, 0.66614, -0.44029, 0.47022)
021935#(0.87, 1.08, 0.21)#(0.37394, 0.66476, -0.44133, 0.47275)
021936#(0.87, 1.08, 0.20)#(0.36074, 0.66544, -0.45575, 0.46835)
021937#(0.86, 1.09, 0.21)#(0.36181, 0.66835, -0.44620, 0.47256)
021938#(0.86, 1.09, 0.20)#(0.34779, 0.66945, -0.44808, 0.47969)
021939#(0.87, 1.08, 0.20)#(0.35192, 0.66167, -0.45016, 0.48550)
021940#(0.87, 1.08, 0.21)#(0.35689, 0.65961, -0.44942, 0.48535)
021941#(0.87, 1.08, 0.20)#(0.35883, 0.66085, -0.44711, 0.48437)
021942#(0.86, 1.08, 0.21)#(0.35795, 0.66115, -0.44231, 0.48899)
021943#(0.86, 1.08, 0.20)#(0.35551, 0.66168, -0.44480, 0.48779)
021944#(0.86, 1.08, 0.21)#(0.35464, 0.66176, -0.44440, 0.48869)
021945#(0.87, 1.08, 0.20)#(0.35481, 0.66250, -0.44281, 0.48901)
021946#(0.84, 1.11, 0.15)#(0.31270, 0.71211, -0.44437, 0.44459)
021947#(0.85, 1.13, 0.22)#(0.33114, 0.66979, -0.43283, 0.50437)
021948#(0.84, 1.13, 0.13)#(0.26254, 0.70700, -0.52123, 0.39942)
021949#(0.82, 1.16, 0.11)#(0.24087, 0.72609, -0.49951, 0.40653)
021950#(0.70, 1.14, -0.16)#(0.32262, 0.67303, -0.53964, 0.38953)
021951#(0.87, 1.14, -0.28)#(0.46072, 0.55659, -0.37710, 0.57943)
021952#(0.77, 1.16, -0.31)#(0.54537, 0.34436, -0.29667, 0.70426)
021953#(0.66, 1.17, -0.44)#(0.56170, 0.17563, -0.09470, 0.80292)
021954#(0.50, 1.16, -0.69)#(0.40660, 0.20725, 0.03667, 0.88903)
021955#(0.40, 1.11, -0.79)#(0.43073, 0.09674, 0.14008, 0.88628)
021956#(0.03, 1.32, -0.93)#(0.27878, -0.38564, 0.12946, 0.86995)
021957#(0.11, 1.47, -1.26)#(0.17960, -0.59806, 0.15346, 0.76584)
021958#(0.10, 1.45, -1.24)#(0.37641, -0.47285, 0.19161, 0.77331)
021959#(-0.02, 1.46, -1.19)#(0.39855, -0.44644, 0.23375, 0.76629)
022000#(0.10, 1.57, -1.21)#(0.14630, -0.42812, 0.06449, 0.88947)
022001#(0.24, 1.55, -1.11)#(0.21362, -0.23962, 0.03945, 0.94625)
022002#(0.45, 1.54, -1.03)#(0.23520, 0.00469, -0.02791, 0.97153)
022003#(0.74, 1.55, -1.14)#(0.13791, 0.64766, -0.15447, 0.73325)
022004#(0.57, 1.53, -0.85)#(0.18906, 0.14811, -0.06679, 0.96843)
022005#(0.55, 1.53, -0.93)#(0.23468, -0.06799, -0.03495, 0.96906)
022006#(0.47, 1.48, -1.07)#(0.33596, -0.05869, -0.06391, 0.93787)
022007#(0.32, 1.49, -1.13)#(0.29633, -0.36193, 0.08085, 0.88015)
022008#(0.28, 1.47, -1.05)#(0.32629, -0.34522, 0.08482, 0.87588)
022009#(0.23, 1.47, -0.69)#(0.33803, -0.34881, 0.07431, 0.87094)
022010#(0.12, 1.47, -0.52)#(0.34191, -0.31629, 0.06261, 0.88269)
022011#(0.24, 1.47, -0.45)#(0.34414, -0.22293, 0.02781, 0.91165)
022012#(0.25, 1.48, -0.44)#(0.31914, -0.20896, 0.00855, 0.92435)
022013#(0.26, 1.50, -0.43)#(0.27400, -0.13935, -0.01808, 0.95141)
022014#(0.24, 1.49, -0.46)#(0.26796, -0.15044, -0.00014, 0.95161)
022015#(0.25, 1.49, -0.45)#(0.27469, -0.15416, 0.00543, 0.94908)
022016#(0.28, 1.48, -0.33)#(0.28310, -0.18661, -0.00341, 0.94075)
022017#(0.11, 1.49, -0.18)#(0.28570, -0.10580, -0.02419, 0.95215)
022018#(0.13, 1.50, -0.16)#(0.28201, -0.15516, 0.01245, 0.94670)
022019#(0.13, 1.50, -0.14)#(0.29754, -0.16162, 0.00509, 0.94092)
022020#(0.13, 1.50, -0.15)#(0.30979, -0.17470, 0.00500, 0.93460)
022021#(0.13, 1.50, -0.16)#(0.31034, -0.17297, -0.00578, 0.93474)
022022#(0.14, 1.50, -0.15)#(0.30996, -0.18406, -0.00788, 0.93273)
022023#(0.14, 1.50, -0.15)#(0.30853, -0.17936, -0.01672, 0.93400)
022024#(0.08, 1.51, -0.18)#(0.26350, -0.29074, 0.03280, 0.91922)
022025#(0.02, 1.48, -0.45)#(0.23159, -0.67959, 0.20491, 0.66523)
022026#(0.10, 1.56, -0.44)#(0.11600, -0.64895, 0.10072, 0.74516)
022027#(-0.25, 1.55, -0.25)#(0.09755, -0.59761, 0.06361, 0.79329)
022028#(-0.55, 1.56, -0.05)#(0.06355, -0.69923, 0.03180, 0.71135)
022029#(-0.59, 1.53, -0.03)#(0.05223, -0.71821, 0.05596, 0.69160)
022030#(-0.78, 1.51, 0.01)#(0.05087, -0.71438, 0.00642, 0.69788)
022031#(-0.77, 1.49, -0.03)#(0.06560, -0.70903, 0.07720, 0.69786)
022032#(-0.73, 1.51, -0.01)#(0.05817, -0.71491, 0.06093, 0.69412)
022033#(-0.72, 1.51, 0.00)#(0.07079, -0.72299, 0.05791, 0.68478)
022034#(-0.72, 1.52, 0.00)#(0.06785, -0.71666, 0.06645, 0.69093)
022035#(-0.73, 1.51, -0.01)#(0.07113, -0.71949, 0.06666, 0.68762)
022036#(-0.73, 1.52, -0.01)#(0.06796, -0.71823, 0.06085, 0.68980)
022037#(-0.72, 1.51, -0.01)#(0.06860, -0.71884, 0.06319, 0.68889)
022038#(-0.76, 1.50, 0.01)#(0.05569, -0.71605, 0.04684, 0.69425)
022039#(-0.76, 1.49, 0.00)#(0.05374, -0.72101, 0.05847, 0.68836)
022040#(-0.75, 1.49, -0.01)#(0.05266, -0.72088, 0.06238, 0.68824)
022041#(-0.75, 1.50, -0.01)#(0.08593, -0.70412, 0.04374, 0.70351)
022042#(-0.73, 1.49, -0.01)#(0.10829, -0.72938, 0.00316, 0.67548)
022043#(-0.72, 1.48, 0.00)#(0.12976, -0.72072, 0.03252, 0.68019)
022044#(-0.72, 1.48, -0.01)#(0.13282, -0.72821, 0.03017, 0.67168)
022045#(-0.71, 1.48, -0.02)#(0.11887, -0.72838, 0.05631, 0.67243)
022046#(-0.67, 1.48, 0.00)#(0.13246, -0.72225, 0.05244, 0.67680)
022047#(-0.66, 1.49, -0.02)#(0.10814, -0.70939, 0.07891, 0.69199)
022048#(-0.67, 1.50, 0.00)#(0.10569, -0.70094, 0.06052, 0.70274)
022049#(-0.67, 1.51, 0.00)#(0.09584, -0.68709, 0.06650, 0.71715)
022050#(-0.52, 1.47, 0.19)#(0.16181, -0.40999, 0.03884, 0.89678)
022051#(-0.21, 1.39, 0.30)#(0.34143, -0.00208, -0.01574, 0.93977)
022052#(-0.21, 1.41, 0.24)#(0.30707, -0.01557, -0.03343, 0.95097)
022053#(-0.19, 1.41, 0.23)#(0.29787, 0.00295, -0.04928, 0.95333)
022054#(-0.19, 1.41, 0.25)#(0.29195, 0.01733, -0.04230, 0.95534)
022055#(-0.21, 1.39, 0.41)#(0.30714, 0.00853, -0.03613, 0.95094)
022056#(-0.26, 1.46, 0.31)#(0.22396, -0.07386, -0.01566, 0.97167)
022057#(-0.41, 1.51, -0.03)#(0.13308, -0.56962, 0.04061, 0.81004)
022058#(-0.33, 1.50, -0.26)#(0.09795, -0.62504, 0.03108, 0.77380)
022059#(-0.30, 1.51, -0.27)#(0.08125, -0.60265, 0.03426, 0.79312)
022100#(-0.28, 1.51, -0.24)#(0.09395, -0.57343, 0.04297, 0.81271)
022101#(-0.24, 1.51, -0.26)#(0.08426, -0.58283, 0.01902, 0.80799)
022102#(-0.24, 1.53, -0.23)#(0.06713, -0.56126, 0.01789, 0.82472)
022103#(-0.26, 1.53, -0.27)#(0.06101, -0.57823, 0.03534, 0.81282)
022104#(-0.31, 1.52, -0.26)#(0.09640, -0.59014, 0.04100, 0.80048)
022105#(-0.33, 1.51, -0.29)#(0.10510, -0.59283, 0.05701, 0.79641)
022106#(-0.22, 1.52, -0.28)#(0.13242, -0.48301, 0.06856, 0.86283)
022107#(0.00, 1.55, -0.43)#(0.11373, -0.45404, 0.05282, 0.88211)
022108#(-0.03, 1.55, -0.54)#(0.12114, -0.48391, 0.05312, 0.86506)
022109#(-0.05, 1.55, -0.56)#(0.11166, -0.53493, 0.05271, 0.83583)
022110#(0.09, 1.52, -0.42)#(0.16411, -0.26069, 0.00177, 0.95137)
022111#(0.61, 1.37, -0.16)#(0.24802, 0.44937, -0.24723, 0.82185)
022112#(0.69, 1.32, 0.01)#(0.25323, 0.55824, -0.32570, 0.71983)
022113#(0.67, 1.32, 0.02)#(0.24689, 0.57889, -0.33633, 0.70058)
022114#(0.66, 1.32, 0.03)#(0.23465, 0.61304, -0.32186, 0.68229)
022115#(0.65, 1.33, 0.02)#(0.23087, 0.61200, -0.31561, 0.68742)
022116#(0.65, 1.33, 0.01)#(0.21086, 0.63070, -0.31554, 0.67690)
022117#(0.64, 1.33, 0.02)#(0.20328, 0.62371, -0.32764, 0.67994)
022118#(0.64, 1.33, 0.00)#(0.20372, 0.62278, -0.33022, 0.67941)
022119#(0.64, 1.33, 0.00)#(0.20667, 0.62145, -0.33509, 0.67735)
022120#(0.63, 1.33, 0.02)#(0.22733, 0.59081, -0.34027, 0.69533)
022121#(0.64, 1.33, 0.02)#(0.22370, 0.57813, -0.34358, 0.70546)
022122#(0.63, 1.33, 0.02)#(0.22240, 0.58037, -0.33964, 0.70595)
022123#(0.62, 1.34, 0.03)#(0.23114, 0.55887, -0.33821, 0.72101)
022124#(0.48, 1.37, 0.07)#(0.28350, 0.26576, -0.17151, 0.90531)
022125#(0.08, 1.36, -0.51)#(0.33762, -0.47462, 0.12019, 0.80393)
022126#(-0.19, 1.21, -0.66)#(0.40861, -0.60764, 0.27677, 0.62226)
022127#(-0.28, 1.18, -0.74)#(0.43889, -0.58574, 0.27521, 0.62333)
022128#(-0.25, 1.27, -0.61)#(0.40477, -0.47167, 0.14266, 0.77029)
022129#(0.29, 1.45, -0.18)#(0.16031, 0.34182, -0.15464, 0.91299)
022130#(0.30, 1.44, -0.13)#(0.15323, 0.30831, -0.17343, 0.92271)
022131#(0.30, 1.44, -0.13)#(0.15218, 0.28128, -0.16707, 0.93264)
022132#(0.29, 1.44, -0.13)#(0.15691, 0.29186, -0.17019, 0.92803)
022133#(0.27, 1.44, -0.11)#(0.16888, 0.29359, -0.16074, 0.92706)
022134#(0.13, 1.44, -0.10)#(0.22436, 0.06428, -0.12340, 0.96452)
022135#(-0.10, 1.33, -0.65)#(0.36004, -0.59927, 0.22043, 0.68019)
022136#(-0.14, 1.31, -0.80)#(0.34649, -0.63736, 0.27176, 0.63234)
022137#(-0.12, 1.31, -0.80)#(0.33850, -0.60842, 0.26738, 0.66615)
022138#(-0.09, 1.34, -0.65)#(0.36094, -0.46782, 0.18083, 0.78624)
022139#(-0.05, 1.35, -0.53)#(0.37542, -0.39296, 0.14030, 0.82762)
022140#(-0.04, 1.37, -0.58)#(0.34746, -0.41394, 0.13356, 0.83072)
022141#(0.01, 1.39, -0.48)#(0.35866, -0.38381, 0.04883, 0.84951)
022142#(0.21, 1.36, -0.27)#(0.31920, -0.14390, -0.04003, 0.93584)
022143#(0.21, 1.35, -0.27)#(0.39269, -0.13954, -0.05867, 0.90713)
022144#(0.26, 1.33, -0.28)#(0.46912, -0.11629, -0.11135, 0.86834)
022145#(0.31, 1.36, -0.21)#(0.40531, -0.02396, -0.03171, 0.91331)
022146#(0.18, 1.40, -0.14)#(0.32658, 0.09144, -0.02540, 0.94039)
022147#(0.22, 1.44, -0.19)#(0.26268, 0.17402, -0.03932, 0.94825)
022148#(0.19, 1.51, -0.25)#(0.14877, 0.07315, -0.08551, 0.98245)
022149#(0.10, 1.54, -0.29)#(0.10564, -0.09803, -0.02833, 0.98916)
022150#(0.01, 1.50, -0.30)#(0.17273, -0.31376, 0.00477, 0.93365)
022151#(0.00, 1.46, -0.28)#(0.25210, -0.28835, 0.01552, 0.92361)
022152#(0.10, 1.46, -0.26)#(0.25706, -0.13988, -0.02756, 0.95582)
022153#(0.15, 1.48, -0.28)#(0.23235, -0.06197, -0.03522, 0.97002)
022154#(0.15, 1.49, -0.26)#(0.20963, -0.06443, -0.02986, 0.97520)
022155#(0.17, 1.47, -0.22)#(0.23614, -0.03292, -0.04332, 0.97020)
022156#(0.18, 1.46, -0.23)#(0.23727, -0.01432, -0.06580, 0.96911)
022157#(0.13, 1.44, -0.24)#(0.25427, -0.21816, 0.00628, 0.94219)
022158#(0.00, 1.39, -0.31)#(0.27510, -0.41957, 0.12412, 0.85608)
022159#(-0.24, 1.39, -0.07)#(0.31015, -0.34780, 0.07783, 0.88135)
022200#(0.11, 1.44, 0.25)#(0.17826, 0.18881, -0.02500, 0.96538)
022201#(0.17, 1.45, 0.31)#(0.13508, 0.47093, -0.14939, 0.85887)
022202#(0.14, 1.45, 0.36)#(0.13692, 0.51448, -0.14809, 0.83345)
022203#(0.15, 1.45, 0.36)#(0.15044, 0.52794, -0.14380, 0.82339)
022204#(0.16, 1.46, 0.26)#(0.13336, 0.56866, -0.17569, 0.79245)
022205#(0.32, 1.43, 0.02)#(0.17402, 0.60510, -0.20713, 0.74878)
022206#(0.31, 1.36, 0.08)#(0.26928, 0.47172, -0.21265, 0.81225)
022207#(0.21, 1.45, 0.08)#(0.17283, 0.62822, -0.18599, 0.73545)
022208#(0.15, 1.45, 0.10)#(0.15107, 0.72746, -0.19633, 0.63987)