023909#(0.37, 1.35, -1.12)#(0.10056, -0.08977, 0.00779, 0.99084)
023910#(0.44, 1.34, -1.07)#(0.12587, -0.11997, 0.02088, 0.98454)
023911#(0.17, 1.28, -1.11)#(0.13547, 0.00508, -0.00998, 0.99072)
023912#(-0.06, 1.31, -1.00)#(0.20853, 0.06394, -0.04063, 0.97508)
023913#(-0.34, 1.33, -1.04)#(0.16926, 0.19642, -0.05405, 0.96429)
023914#(-0.26, 1.33, -0.70)#(0.11374, 0.19866, -0.01934, 0.97325)
023915#(-0.25, 1.37, -0.49)#(0.08406, 0.24982, -0.01845, 0.96446)
023916#(-0.24, 1.37, -0.50)#(0.08718, 0.25116, -0.02967, 0.96355)
023917#(-0.22, 1.36, -0.50)#(0.10027, 0.24834, -0.03957, 0.96266)
023918#(-0.13, 1.32, -0.46)#(0.14364, 0.30897, -0.05120, 0.93877)
023919#(0.29, 1.30, -0.35)#(0.14530, 0.18774, -0.05281, 0.96998)
023920#(0.59, 1.27, 0.10)#(0.24664, 0.00649, 0.02034, 0.96887)
023921#(0.61, 1.22, 0.51)#(0.34856, -0.07117, 0.01768, 0.93441)
023922#(0.57, 1.18, 0.69)#(0.47045, -0.04850, 0.03946, 0.88021)
023923#(0.59, 1.23, 0.64)#(0.43883, -0.04554, 0.03798, 0.89661)
023924#(0.58, 1.23, 0.64)#(0.44023, -0.06551, 0.03536, 0.89479)
023925#(0.54, 1.18, 0.59)#(0.39958, -0.09472, 0.05027, 0.91040)
023926#(0.63, 1.17, 0.51)#(0.39987, -0.14175, 0.05628, 0.90380)
023927#(0.61, 1.20, 0.34)#(0.35884, -0.21911, 0.06279, 0.90514)
023928#(0.60, 1.21, 0.23)#(0.32168, -0.13911, 0.04728, 0.93538)
023929#(0.56, 1.20, 0.25)#(0.33055, -0.21977, 0.06420, 0.91560)
023930#(0.51, 1.18, 0.30)#(0.36882, -0.19266, 0.05417, 0.90770)
023931#(0.40, 1.16, 0.63)#(0.39066, -0.25915, 0.07531, 0.88009)
023932#(0.20, 1.16, 0.71)#(0.39613, -0.32816, 0.16141, 0.84222)
023933#(0.20, 1.14, 0.72)#(0.44923, -0.28305, 0.16312, 0.83155)
023934#(0.27, 1.15, 0.70)#(0.44895, -0.26995, 0.15672, 0.83727)
023935#(0.35, 1.14, 0.75)#(0.52516, -0.12971, 0.12219, 0.83213)
023936#(0.38, 1.13, 0.77)#(0.55704, -0.04167, 0.10552, 0.82270)
023937#(0.38, 1.21, 0.64)#(0.30965, -0.27963, 0.09327, 0.90401)
023938#(0.09, 1.19, 0.78)#(0.33963, -0.22486, 0.12282, 0.90499)
023939#(0.01, 1.16, 0.96)#(0.40669, -0.17114, 0.14357, 0.88583)
023940#(-0.24, 1.16, 0.86)#(0.41795, 0.19069, -0.04580, 0.88705)
023941#(-0.44, 1.23, 0.59)#(0.26971, 0.36100, -0.09668, 0.88746)
023942#(-0.47, 1.24, 0.36)#(0.23559, 0.29835, -0.07795, 0.92163)
023943#(-0.58, 1.27, 0.33)#(0.23452, 0.21003, -0.08889, 0.94498)
023944#(-0.56, 1.34, 0.32)#(0.21079, 0.27188, -0.04783, 0.93774)
023945#(-0.54, 1.33, 0.33)#(0.20434, 0.16109, -0.05295, 0.96410)
023946#(-0.49, 1.30, 0.35)#(0.24866, 0.11366, -0.05594, 0.96027)
023947#(-0.50, 1.24, 0.69)#(0.37148, 0.13240, -0.06458, 0.91668)
023948#(-0.44, 1.22, 0.82)#(0.59061, 0.10260, 0.08782, 0.79557)
023949#(-0.48, 1.24, 0.78)#(0.61330, -0.00490, 0.13487, 0.77823)
023950#(-0.49, 1.24, 0.79)#(0.59114, -0.01019, 0.13066, 0.79585)
023951#(-0.47, 1.14, 0.76)#(0.63353, 0.02191, 0.09107, 0.76803)
023952#(-0.48, 1.14, 0.75)#(0.61405, 0.00936, 0.08395, 0.78474)
023953#(-0.47, 1.14, 0.74)#(0.61291, 0.03039, 0.07545, 0.78595)
023954#(-0.46, 1.14, 0.73)#(0.60017, 0.06414, 0.04919, 0.79578)
023955#(-0.45, 1.13, 0.78)#(0.61155, -0.04480, 0.10452, 0.78299)
023956#(-0.47, 1.13, 0.85)#(0.63813, -0.04446, 0.11302, 0.76029)
023957#(-0.39, 1.12, 0.87)#(0.61815, -0.16996, 0.19220, 0.74301)
023958#(-0.37, 1.11, 0.87)#(0.63056, -0.17297, 0.19221, 0.73180)
023959#(-0.40, 1.11, 0.85)#(0.62744, -0.20653, 0.22477, 0.71634)
024000#(-0.43, 1.11, 0.84)#(0.62748, -0.21545, 0.23624, 0.70996)
024001#(-0.42, 1.11, 0.85)#(0.63290, -0.21160, 0.23025, 0.70827)
024002#(-0.42, 1.11, 0.85)#(0.63133, -0.20771, 0.22510, 0.71246)
024003#(-0.41, 1.12, 0.85)#(0.62940, -0.20120, 0.21947, 0.71778)
024004#(-0.40, 1.12, 0.86)#(0.63363, -0.20108, 0.20719, 0.71774)
024005#(-0.29, 1.13, 0.82)#(0.68151, 0.03509, 0.01718, 0.73076)
024006#(-0.29, 1.22, 0.72)#(0.48518, 0.26313, -0.09281, 0.82870)
024007#(-0.40, 1.31, 0.74)#(0.24580, 0.05238, 0.01925, 0.96771)
024008#(-0.38, 1.29, 0.79)#(0.25087, -0.01831, 0.03066, 0.96736)
024009#(-0.39, 1.29, 0.78)#(0.24858, -0.07509, 0.03966, 0.96488)
024010#(-0.38, 1.29, 0.79)#(0.25049, -0.06174, 0.03462, 0.96553)
024011#(-0.37, 1.28, 0.80)#(0.24324, -0.05706, 0.03412, 0.96769)
024012#(-0.37, 1.28, 0.79)#(0.25760, -0.05006, 0.04098, 0.96408)
024013#(-0.37, 1.29, 0.77)#(0.25620, -0.04377, 0.03995, 0.96481)
024014#(-0.34, 1.30, 0.74)#(0.26644, 0.06659, 0.00430, 0.96154)
024015#(-0.32, 1.30, 0.76)#(0.25376, 0.09382, -0.00834, 0.96267)
024016#(-0.30, 1.29, 0.77)#(0.21976, 0.08585, -0.01591, 0.97164)
024017#(-0.34, 1.28, 0.76)#(0.26490, 0.03944, -0.02604, 0.96312)
024018#(-0.49, 1.37, 0.49)#(-0.03732, 0.12126, 0.03385, 0.99134)
024019#(-0.60, 1.37, 0.27)#(0.04927, 0.15272, -0.03217, 0.98652)
024020#(-0.56, 1.38, 0.57)#(0.00890, 0.10397, 0.00681, 0.99452)
024021#(-0.61, 1.42, 0.83)#(0.01023, 0.21143, -0.00796, 0.97731)
024022#(-0.51, 1.41, 0.83)#(-0.00018, 0.17457, -0.00375, 0.98464)
024023#(-0.50, 1.41, 0.81)#(-0.03369, 0.17064, -0.00519, 0.98474)
024024#(-0.47, 1.40, 0.81)#(-0.04231, 0.13898, -0.01031, 0.98934)
024025#(-0.46, 1.40, 0.82)#(-0.03492, 0.13414, -0.01840, 0.99018)
024026#(-0.50, 1.39, 0.80)#(0.00510, 0.13342, -0.01812, 0.99088)
024027#(-0.49, 1.39, 0.81)#(-0.00282, 0.13619, -0.01797, 0.99052)
024028#(-0.49, 1.39, 0.82)#(0.00338, 0.13100, -0.02903, 0.99095)
024029#(-0.47, 1.36, 0.80)#(0.04103, 0.14885, -0.04394, 0.98703)
024030#(-0.45, 1.34, 0.79)#(0.01352, 0.13162, -0.03313, 0.99065)
024031#(-0.51, 1.35, 0.79)#(-0.00471, 0.10269, -0.00489, 0.99469)
024032#(-0.68, 1.38, 0.77)#(0.00406, 0.19312, -0.00200, 0.98117)
024033#(-0.71, 1.38, 0.78)#(-0.02078, 0.25252, 0.02563, 0.96703)
024034#(-0.71, 1.35, 0.82)#(0.09312, 0.24401, -0.00591, 0.96527)
024035#(-0.67, 1.29, 0.80)#(0.26316, 0.32858, -0.07685, 0.90381)
024036#(-0.55, 1.30, 0.58)#(0.21426, 0.30723, -0.07929, 0.92380)
024037#(-0.52, 1.30, 0.49)#(0.16048, 0.24585, -0.07506, 0.95298)
024038#(-0.53, 1.30, 0.50)#(0.16386, 0.19680, -0.06066, 0.96475)
024039#(-0.50, 1.29, 0.51)#(0.17712, 0.20390, -0.07724, 0.95973)
024040#(-0.50, 1.29, 0.54)#(0.18408, 0.17308, -0.07906, 0.96432)
024041#(-0.49, 1.29, 0.54)#(0.18102, 0.17641, -0.07571, 0.96456)
024042#(-0.50, 1.29, 0.54)#(0.18484, 0.17436, -0.07466, 0.96429)
024043#(-0.51, 1.26, 0.53)#(0.35304, 0.18017, -0.06634, 0.91570)
024044#(-0.56, 1.21, 0.57)#(0.41372, 0.17850, -0.04863, 0.89141)
024045#(-0.40, 1.17, 0.88)#(0.62749, -0.12822, 0.15235, 0.75274)
024046#(-0.26, 1.18, 0.84)#(0.57064, -0.35257, 0.28102, 0.68636)
024047#(-0.29, 1.21, 0.80)#(0.53475, -0.37667, 0.29229, 0.69766)
024048#(-0.30, 1.20, 0.80)#(0.53526, -0.36935, 0.29700, 0.69919)
024049#(-0.30, 1.20, 0.80)#(0.53581, -0.35941, 0.29257, 0.70579)
024050#(-0.30, 1.20, 0.81)#(0.53939, -0.35247, 0.28662, 0.70899)
024051#(-0.29, 1.20, 0.81)#(0.54265, -0.35532, 0.28709, 0.70488)
024052#(-0.29, 1.20, 0.82)#(0.54147, -0.35830, 0.28833, 0.70378)
024053#(-0.29, 1.20, 0.81)#(0.54000, -0.35190, 0.28718, 0.70858)
024054#(-0.28, 1.20, 0.81)#(0.54350, -0.34123, 0.27688, 0.71520)
024055#(-0.21, 1.20, 0.83)#(0.59401, -0.23861, 0.19239, 0.74378)
024056#(-0.15, 1.20, 0.84)#(0.61168, -0.17818, 0.11639, 0.76194)
024057#(-0.13, 1.20, 0.83)#(0.62119, -0.13202, 0.09088, 0.76710)
024058#(-0.13, 1.20, 0.82)#(0.62093, -0.15837, 0.11169, 0.75953)
024059#(-0.20, 1.18, 0.80)#(0.65792, -0.14365, 0.10497, 0.73177)
024100#(-0.20, 1.18, 0.84)#(0.66313, -0.11266, 0.07546, 0.73612)
024101#(-0.19, 1.19, 0.84)#(0.64816, -0.15691, 0.12118, 0.73524)
024102#(-0.23, 1.20, 0.82)#(0.61243, -0.24419, 0.18658, 0.72834)
024103#(-0.26, 1.20, 0.81)#(0.59740, -0.28929, 0.22093, 0.71458)
024104#(-0.29, 1.20, 0.81)#(0.59545, -0.29661, 0.23884, 0.70740)
024105#(-0.32, 1.20, 0.82)#(0.59053, -0.30297, 0.24440, 0.70693)
024106#(-0.31, 1.20, 0.82)#(0.58787, -0.30304, 0.24188, 0.70998)
024107#(-0.30, 1.20, 0.82)#(0.58860, -0.30466, 0.23746, 0.71017)
024108#(-0.30, 1.20, 0.82)#(0.58965, -0.30166, 0.23431, 0.71162)
024109#(-0.32, 1.18, 0.84)#(0.54771, -0.27241, 0.20236, 0.76476)
024110#(-0.33, 1.17, 0.82)#(0.58392, -0.30769, 0.23515, 0.71349)
024111#(-0.32, 1.17, 0.83)#(0.57989, -0.32653, 0.23715, 0.70772)
024112#(-0.32, 1.17, 0.83)#(0.56852, -0.33130, 0.23059, 0.71684)
024113#(-0.31, 1.18, 0.82)#(0.56633, -0.32663, 0.21845, 0.72447)
024114#(-0.31, 1.18, 0.82)#(0.56553, -0.32742, 0.21419, 0.72601)
024115#(-0.31, 1.18, 0.82)#(0.56026, -0.32798, 0.21278, 0.73025)
024116#(-0.31, 1.18, 0.82)#(0.55404, -0.32799, 0.21196, 0.73521)
024117#(-0.31, 1.18, 0.83)#(0.55637, -0.32643, 0.21086, 0.73446)
024118#(-0.31, 1.17, 0.83)#(0.56070, -0.32946, 0.21434, 0.72879)
024119#(-0.29, 1.18, 0.84)#(0.56256, -0.31368, 0.18941, 0.74112)
024120#(-0.28, 1.18, 0.84)#(0.56636, -0.29699, 0.17729, 0.74807)
024121#(-0.27, 1.17, 0.86)#(0.58068, -0.28506, 0.17109, 0.74316)
024122#(-0.35, 1.21, 0.80)#(0.44235, -0.48083, 0.24345, 0.71684)
024123#(-0.54, 1.36, 0.82)#(0.18672, -0.68407, 0.17842, 0.68216)
024124#(-0.02, 1.30, 0.62)#(0.18630, -0.67738, 0.22065, 0.67659)
024125#(0.41, 1.26, 0.48)#(0.25691, -0.59651, 0.19069, 0.73608)
024126#(0.48, 1.22, 0.34)#(0.29158, -0.56017, 0.18651, 0.75260)
024127#(0.49, 1.25, 0.21)#(0.31471, -0.40775, 0.08430, 0.85299)
024128#(0.53, 1.27, 0.30)#(0.28059, -0.41046, 0.07665, 0.86425)
024129#(0.54, 1.26, 0.42)#(0.27856, -0.49128, 0.09280, 0.82002)
024130#(0.16, 1.23, 0.60)#(0.33098, -0.42836, 0.13540, 0.82983)
024131#(-0.04, 1.17, 0.86)#(0.44421, -0.47328, 0.19498, 0.73530)
024132#(-0.08, 1.15, 0.87)#(0.46229, -0.50095, 0.22263, 0.69697)
024133#(-0.09, 1.14, 0.85)#(0.44712, -0.52968, 0.24864, 0.67654)
024134#(-0.11, 1.15, 0.81)#(0.42390, -0.56352, 0.26333, 0.65834)
024135#(-0.09, 1.16, 0.81)#(0.41923, -0.57008, 0.26044, 0.65683)
024136#(-0.06, 1.19, 0.80)#(0.39242, -0.57854, 0.21854, 0.68084)
024137#(0.00, 1.21, 0.80)#(0.37388, -0.51557, 0.20974, 0.74190)
024138#(0.02, 1.22, 0.82)#(0.33941, -0.56139, 0.24174, 0.71499)
024139#(0.04, 1.22, 0.83)#(0.32525, -0.56402, 0.26281, 0.71205)
024140#(0.03, 1.26, 0.78)#(0.20869, -0.63040, 0.16238, 0.72984)
024141#(0.10, 1.30, 0.64)#(0.12699, -0.62062, 0.08686, 0.76887)
024142#(0.27, 1.29, 0.64)#(0.13918, -0.61563, 0.08564, 0.77091)
024143#(0.48, 1.27, 0.48)#(0.18607, -0.65314, 0.13440, 0.72161)
024144#(0.64, 1.20, 0.33)#(0.25608, -0.57006, 0.19503, 0.75592)
024145#(0.43, 1.16, 0.34)#(0.32083, -0.53236, 0.25856, 0.73947)
024146#(-0.01, 1.09, 0.49)#(0.37317, -0.50423, 0.31433, 0.71253)
024147#(-0.33, 1.09, 0.53)#(0.38009, -0.48745, 0.33206, 0.71250)
024148#(-0.58, 1.08, 0.59)#(0.42235, -0.46902, 0.34496, 0.69472)
024149#(-0.73, 1.18, 0.35)#(0.35881, -0.36867, 0.20786, 0.83195)
024150#(-0.56, 1.25, 0.60)#(0.16130, -0.52221, 0.10403, 0.83094)
024151#(-0.55, 1.23, 0.57)#(0.20647, -0.73520, 0.19155, 0.61657)
024152#(-0.24, 1.22, 0.57)#(0.20156, -0.79755, 0.26505, 0.50302)
024153#(-0.03, 1.27, 0.74)#(0.13587, -0.85737, 0.21130, 0.44924)
024154#(-0.06, 1.27, 0.70)#(0.12482, -0.86291, 0.20412, 0.44512)
024155#(-0.35, 1.28, 0.50)#(0.11505, -0.87081, 0.20153, 0.43340)
024156#(-0.41, 1.27, 0.49)#(0.12899, -0.87876, 0.20995, 0.40873)
024157#(-0.41, 1.26, 0.50)#(0.14207, -0.87086, 0.21900, 0.41648)
024158#(-0.39, 1.26, 0.49)#(0.13907, -0.86844, 0.22171, 0.42110)
024159#(-0.41, 1.22, 0.50)#(0.20543, -0.81385, 0.32693, 0.43425)
024200#(-0.46, 1.20, 0.49)#(0.21314, -0.81537, 0.34031, 0.41705)
024201#(-0.46, 1.20, 0.50)#(0.21514, -0.81152, 0.33865, 0.42482)
024202#(-0.45, 1.21, 0.51)#(0.21808, -0.81299, 0.32823, 0.42867)
024203#(-0.45, 1.22, 0.49)#(0.18897, -0.81018, 0.35349, 0.42771)
024204#(-0.48, 1.19, 0.57)#(0.31542, -0.66093, 0.37084, 0.57111)
024205#(-0.32, 1.19, 0.82)#(0.50709, -0.23499, 0.15362, 0.81489)
024206#(-0.30, 1.16, 0.85)#(0.60063, -0.10618, 0.22642, 0.75941)
024207#(-0.40, 1.20, 0.47)#(0.28554, -0.71498, 0.44352, 0.45887)
024208#(-0.41, 1.20, 0.45)#(0.25994, -0.74530, 0.42215, 0.44581)
024209#(-0.44, 1.20, 0.47)#(0.26467, -0.73944, 0.41279, 0.46128)
024210#(-0.24, 1.27, 0.43)#(0.09916, -0.88970, 0.26392, 0.35909)
024211#(-0.17, 1.26, 0.40)#(0.09640, -0.90806, 0.29153, 0.28486)
024212#(0.19, 1.25, 0.14)#(0.17913, -0.83095, 0.36280, 0.38185)
024213#(0.19, 1.22, -0.35)#(0.26133, -0.70903, 0.25749, 0.60223)
024214#(-0.07, 1.23, -0.50)#(0.28960, -0.66783, 0.23185, 0.64527)
024215#(-0.19, 1.31, -0.50)#(0.16430, -0.57241, 0.09748, 0.79740)
024216#(-0.15, 1.32, -0.48)#(0.14968, -0.71877, 0.10577, 0.67065)
024217#(-0.16, 1.31, -0.51)#(0.15509, -0.76928, 0.13721, 0.60443)
024218#(-0.26, 1.31, -0.59)#(0.19163, -0.67799, 0.15372, 0.69281)
024219#(-0.50, 1.30, -0.57)#(0.20134, -0.66697, 0.16849, 0.69730)
024220#(-0.70, 1.28, -0.59)#(0.21233, -0.67537, 0.20223, 0.67668)
024221#(-0.69, 1.28, -0.57)#(0.23283, -0.67343, 0.21545, 0.66773)
024222#(-0.69, 1.28, -0.58)#(0.23125, -0.67518, 0.22093, 0.66472)
024223#(-0.66, 1.22, -0.59)#(0.33339, -0.64316, 0.38121, 0.57435)
024224#(-0.50, 1.21, -0.70)#(0.31493, -0.67597, 0.41937, 0.51771)
024225#(-0.49, 1.17, -0.74)#(0.33863, -0.64600, 0.44571, 0.51899)
024226#(-0.52, 1.16, -0.73)#(0.34404, -0.65005, 0.44548, 0.51051)
024227#(-0.59, 1.10, -0.71)#(0.37868, -0.61875, 0.49268, 0.48064)
024228#(-0.71, 0.89, -0.71)#(0.41409, -0.59947, 0.51620, 0.45022)
024229#(-0.72, 0.78, -0.73)#(0.42680, -0.57750, 0.55235, 0.42338)
024230#(-0.70, 0.82, -0.73)#(0.41641, -0.59638, 0.54446, 0.41773)
024231#(-0.66, 0.86, -0.74)#(0.39393, -0.62482, 0.53104, 0.41524)
024232#(-0.65, 0.92, -0.75)#(0.38011, -0.62032, 0.52174, 0.44554)
024233#(-0.62, 0.98, -0.78)#(0.33975, -0.64629, 0.52973, 0.43158)
024234#(-0.61, 1.01, -0.75)#(0.32528, -0.64056, 0.51107, 0.47190)
024235#(-0.50, 1.31, -0.71)#(0.18633, -0.67736, 0.22678, 0.67456)
024236#(0.03, 1.31, -0.57)#(0.23994, -0.60121, 0.14391, 0.74851)
024237#(0.39, 1.31, -0.52)#(0.18459, -0.62574, 0.14565, 0.74375)
024238#(0.61, 1.31, -0.64)#(0.03023, -0.98264, 0.13437, 0.12428)
024239#(0.89, 1.31, -0.36)#(0.04100, 0.84591, -0.08654, 0.52466)
024240#(0.87, 1.28, -0.46)#(0.13517, 0.56608, -0.08666, 0.80856)
024241#(0.41, 1.30, -0.69)#(0.10454, 0.45645, -0.03705, 0.88281)
024242#(0.03, 1.32, -0.79)#(0.05966, 0.41209, -0.02647, 0.90880)
024243#(-0.12, 1.29, -0.82)#(0.15166, 0.50455, -0.05263, 0.84832)
024244#(0.15, 1.22, -0.95)#(0.18598, 0.66323, -0.19687, 0.69770)
024245#(0.43, 1.19, -0.87)#(0.32235, 0.57239, -0.26547, 0.70568)
024246#(0.54, 1.21, -0.88)#(0.41460, 0.52816, -0.30406, 0.67580)
024247#(0.53, 1.21, -0.87)#(0.43117, 0.48902, -0.30187, 0.69558)
024248#(0.54, 1.20, -0.87)#(0.43444, 0.48915, -0.30645, 0.69144)
024249#(0.52, 1.21, -0.90)#(0.41516, 0.52997, -0.31622, 0.66841)
024250#(0.49, 1.24, -0.92)#(0.31612, 0.55435, -0.25032, 0.72808)
024251#(0.50, 1.22, -0.91)#(0.35658, 0.50638, -0.28324, 0.73226)
024252#(0.51, 1.22, -0.90)#(0.36802, 0.51056, -0.28201, 0.72413)
024253#(0.51, 1.22, -0.90)#(0.36640, 0.50848, -0.28090, 0.72684)
024254#(0.47, 1.26, -0.87)#(0.26843, 0.48398, -0.17744, 0.81377)
024255#(0.50, 1.26, -0.87)#(0.27380, 0.52239, -0.19574, 0.78347)
024256#(0.52, 1.25, -0.87)#(0.29658, 0.53954, -0.20666, 0.76041)
024257#(0.54, 1.21, -0.88)#(0.42163, 0.57642, -0.31622, 0.62448)
024258#(0.18, 1.17, -1.04)#(0.37479, 0.56940, -0.26998, 0.68002)
024259#(-0.29, 1.22, -1.03)#(0.35708, 0.53494, -0.21110, 0.73605)
024300#(-0.39, 1.28, -1.00)#(0.15438, 0.52311, -0.07960, 0.83438)
024301#(-0.12, 1.27, -0.96)#(0.04972, 0.55027, -0.04471, 0.83230)
024302#(0.46, 1.29, -0.73)#(0.04573, 0.42459, -0.02990, 0.90374)
024303#(0.87, 1.31, -0.38)#(0.02929, 0.36407, -0.02597, 0.93055)
024304#(0.81, 1.35, -0.32)#(0.04979, 0.40980, -0.02135, 0.91057)
024305#(0.75, 1.35, -0.31)#(-0.00089, 0.46313, 0.02142, 0.88603)
024306#(0.79, 1.34, -0.29)#(0.00304, 0.48186, 0.02932, 0.87575)
024307#(0.82, 1.34, -0.27)#(0.00233, 0.33661, 0.01694, 0.94149)
024308#(0.84, 1.35, -0.30)#(-0.03577, 0.53886, 0.02408, 0.84129)
024309#(0.87, 1.34, -0.30)#(0.05824, 0.44749, -0.01845, 0.89220)
024310#(0.89, 1.40, -0.33)#(0.09031, 0.35757, -0.10340, 0.92374)
024311#(0.88, 1.38, -0.34)#(0.06192, 0.31821, -0.06234, 0.94394)
024312#(0.88, 1.38, -0.33)#(0.05628, 0.30951, -0.06001, 0.94733)
024313#(0.88, 1.37, -0.34)#(0.05775, 0.30726, -0.07848, 0.94662)
024314#(0.91, 1.36, -0.31)#(0.07721, 0.37092, -0.06890, 0.92288)
024315#(0.91, 1.36, -0.31)#(0.03897, 0.33666, -0.05072, 0.93945)
024316#(0.90, 1.36, -0.28)#(0.02698, 0.34123, -0.02298, 0.93931)
024317#(0.93, 1.35, -0.28)#(0.03711, 0.35085, -0.03165, 0.93516)
024318#(0.87, 1.35, -0.31)#(0.00766, 0.35674, -0.02650, 0.93380)
024319#(0.68, 1.31, -0.55)#(0.00533, 0.36895, -0.06585, 0.92710)
024320#(0.41, 1.35, -0.57)#(0.01857, 0.41116, -0.05494, 0.90972)
024321#(0.45, 1.35, -0.59)#(0.00205, 0.44335, -0.03721, 0.89557)
024322#(0.70, 1.33, -0.54)#(-0.00889, 0.39036, -0.03893, 0.91980)
024323#(0.73, 1.37, -0.29)#(-0.10873, 0.43725, 0.07247, 0.88980)
024324#(0.77, 1.36, -0.30)#(-0.09768, 0.45517, 0.06201, 0.88286)
024325#(0.78, 1.36, -0.31)#(-0.09807, 0.45408, 0.04998, 0.88414)
024326#(0.79, 1.36, -0.29)#(-0.07714, 0.40209, 0.03398, 0.91171)
024327#(0.79, 1.34, -0.24)#(0.11298, -0.07235, -0.04109, 0.99011)
024328#(0.74, 1.31, -0.24)#(0.16969, -0.19502, 0.10761, 0.96000)
024329#(0.66, 1.31, -0.21)#(0.16705, -0.28130, 0.11765, 0.93762)
024330#(0.69, 1.31, -0.21)#(0.15904, -0.21907, 0.09733, 0.95773)
024331#(0.88, 1.33, -0.32)#(0.10324, 0.32213, -0.03388, 0.94044)
024332#(0.86, 1.33, -0.35)#(-0.10661, 0.39647, 0.00263, 0.91183)
024333#(0.85, 1.32, -0.36)#(-0.13430, 0.34355, -0.00528, 0.92947)
024334#(0.85, 1.32, -0.35)#(-0.12201, 0.32061, -0.02133, 0.93908)
024335#(0.83, 1.32, -0.29)#(-0.04714, 0.21523, -0.03950, 0.97463)
024336#(0.71, 1.26, -0.17)#(0.17387, -0.33208, -0.04318, 0.92608)
024337#(0.73, 1.27, -0.18)#(0.14500, -0.14433, -0.05438, 0.97734)
024338#(0.71, 1.28, -0.20)#(0.10704, -0.19124, 0.00607, 0.97567)
024339#(0.70, 1.27, -0.18)#(0.17741, -0.26777, -0.01299, 0.94692)
024340#(0.61, 1.27, -0.07)#(0.13978, -0.17223, 0.00439, 0.97508)
024341#(0.75, 1.26, 0.26)#(0.14124, -0.16275, 0.00572, 0.97649)
024342#(0.66, 1.28, 0.24)#(0.13967, -0.33176, 0.02898, 0.93252)
024343#(0.63, 1.28, 0.21)#(0.15157, -0.34480, 0.03496, 0.92570)
024344#(0.62, 1.28, 0.22)#(0.16256, -0.34907, 0.03248, 0.92232)
024345#(0.69, 1.27, 0.27)#(0.16690, -0.16967, -0.01570, 0.97114)
024346#(0.77, 1.25, 0.42)#(0.19312, -0.09972, -0.05088, 0.97477)
024347#(0.66, 1.29, 0.61)#(0.14186, -0.34925, -0.00634, 0.92621)
024348#(0.96, 1.26, 0.30)#(0.21408, -0.43753, 0.02488, 0.87299)
024349#(1.07, 1.29, 0.18)#(0.15169, -0.38167, 0.04246, 0.91078)
024350#(1.09, 1.29, 0.20)#(0.15445, -0.41008, 0.03597, 0.89816)
024351#(1.09, 1.27, 0.21)#(0.08600, -0.32990, 0.04393, 0.93906)
024352#(1.07, 1.25, 0.21)#(0.05990, -0.29290, 0.02939, 0.95381)
024353#(1.09, 1.25, 0.24)#(0.05266, -0.27651, -0.00760, 0.95954)
024354#(1.10, 1.25, 0.25)#(0.05826, -0.26766, -0.00731, 0.96172)
024355#(1.03, 1.24, 0.20)#(0.13451, -0.55772, 0.02885, 0.81855)
024356#(1.05, 1.23, 0.29)#(0.15968, -0.52323, 0.01763, 0.83691)
024357#(0.79, 1.23, 0.13)#(0.15384, -0.65395, 0.03702, 0.73981)
024358#(0.46, 1.23, -0.07)#(0.14310, -0.84397, 0.10483, 0.50621)
024359#(0.35, 1.24, -0.35)#(0.12248, -0.83721, 0.11924, 0.51948)
024400#(0.32, 1.24, -0.30)#(0.13360, -0.81065, 0.11583, 0.55820)
024401#(0.32, 1.24, -0.26)#(0.14565, -0.78883, 0.10919, 0.58704)
024402#(0.31, 1.23, -0.26)#(0.15932, -0.78028, 0.12762, 0.59118)
024403#(0.31, 1.23, -0.26)#(0.16367, -0.77395, 0.12985, 0.59780)
024404#(0.32, 1.23, -0.25)#(0.16428, -0.76635, 0.12194, 0.60897)
024405#(0.32, 1.23, -0.25)#(0.16457, -0.76529, 0.12785, 0.60902)
024406#(0.33, 1.24, -0.24)#(0.15865, -0.72152, 0.11790, 0.66359)
024407#(0.54, 1.28, 0.00)#(0.12953, -0.21064, 0.00012, 0.96894)
024408#(0.55, 1.28, 0.01)#(0.12176, -0.18130, -0.01087, 0.97580)
024409#(0.56, 1.28, 0.03)#(0.12996, -0.12002, -0.01514, 0.98411)
024410#(0.57, 1.28, 0.01)#(0.13324, -0.13546, -0.02161, 0.98155)
024411#(0.57, 1.28, 0.01)#(0.15224, -0.17340, -0.01444, 0.97291)
024412#(0.58, 1.28, 0.00)#(0.14006, -0.14259, -0.01677, 0.97968)
024413#(0.49, 1.29, -0.05)#(0.13496, -0.31974, -0.00539, 0.93783)
024414#(0.39, 1.28, -0.16)#(0.14568, -0.61800, 0.03653, 0.77170)
024415#(0.53, 1.27, -0.02)#(0.12831, -0.19828, 0.00947, 0.97167)
024416#(0.77, 1.28, -0.21)#(0.11427, 0.11224, -0.04326, 0.98614)
024417#(0.75, 1.26, -0.19)#(0.14617, -0.09148, -0.03522, 0.98439)
024418#(0.74, 1.27, -0.19)#(0.14279, -0.14619, -0.04050, 0.97806)
024419#(0.74, 1.27, -0.19)#(0.14392, -0.10651, -0.03087, 0.98336)
024420#(0.73, 1.27, -0.21)#(0.13221, -0.12031, -0.02296, 0.98362)
024421#(0.75, 1.27, -0.20)#(0.15615, -0.07853, -0.03917, 0.98383)
024422#(0.72, 1.26, -0.21)#(0.19015, -0.17317, 0.00013, 0.96636)
024423#(0.75, 1.27, -0.20)#(0.18661, -0.06780, -0.04537, 0.97904)
024424#(0.70, 1.26, -0.21)#(0.16303, -0.28354, -0.01793, 0.94483)
024425#(0.63, 1.26, -0.22)#(0.18435, -0.40253, -0.00357, 0.89664)
024426#(0.54, 1.24, -0.28)#(0.14369, -0.59897, 0.11584, 0.77921)
024427#(0.48, 1.23, -0.28)#(0.21537, -0.51348, 0.18835, 0.80900)
024428#(0.51, 1.24, -0.27)#(0.19402, -0.55080, 0.17714, 0.79221)
024429#(0.53, 1.24, -0.25)#(0.20442, -0.52990, 0.15921, 0.80751)
024430#(0.69, 1.26, -0.23)#(0.18487, -0.25022, 0.09859, 0.94525)
024431#(0.91, 1.31, -0.67)#(0.07551, 0.75521, -0.09425, 0.64426)
024432#(0.71, 1.31, -0.54)#(0.01866, 0.70937, -0.02911, 0.70399)
024433#(0.23, 1.23, -0.56)#(0.01851, 0.69310, -0.05462, 0.71853)
024434#(-0.14, 1.27, -0.59)#(0.03900, 0.79722, -0.13504, 0.58710)
024435#(-0.28, 1.27, -0.67)#(0.14335, 0.77179, -0.24766, 0.56785)
024436#(-0.29, 1.27, -0.69)#(0.16168, 0.78839, -0.21038, 0.55502)
024437#(-0.07, 1.28, -0.80)#(0.15326, 0.72677, -0.19731, 0.63983)
024438#(0.28, 1.25, -1.10)#(0.28527, 0.50550, -0.21530, 0.78533)
024439#(0.37, 1.26, -1.21)#(0.33738, 0.24699, -0.07360, 0.90541)
024440#(0.37, 1.30, -1.21)#(0.26914, 0.31838, -0.08556, 0.90492)
024441#(0.33, 1.30, -1.23)#(0.25511, 0.24765, -0.05603, 0.93298)
024442#(0.32, 1.30, -1.22)#(0.26041, 0.22185, -0.06330, 0.93753)
024443#(0.37, 1.25, -0.80)#(0.31708, 0.20201, -0.08383, 0.92284)
024444#(0.70, 1.20, -0.14)#(0.48047, 0.16086, -0.09882, 0.85645)
024445#(0.76, 1.13, 0.01)#(0.55387, 0.12359, -0.08868, 0.81859)
024446#(0.77, 1.11, 0.02)#(0.57215, 0.09388, -0.08684, 0.81012)
024447#(0.76, 1.13, 0.01)#(0.56384, 0.08974, -0.08184, 0.81690)
024448#(0.76, 1.12, 0.01)#(0.56608, 0.09253, -0.08548, 0.81467)
024449#(0.77, 1.13, 0.00)#(0.56041, 0.10883, -0.08448, 0.81668)
024450#(0.77, 1.13, 0.00)#(0.56054, 0.10328, -0.08184, 0.81758)
024451#(0.77, 1.13, 0.00)#(0.56118, 0.10094, -0.08335, 0.81727)
024452#(0.77, 1.11, 0.02)#(0.57605, 0.10813, -0.08347, 0.80592)
024453#(0.92, 0.79, 0.21)#(0.67784, 0.06396, -0.10853, 0.72434)
024454#(0.92, 0.66, 0.26)#(0.73517, 0.02619, -0.13471, 0.66385)
024455#(0.89, 0.66, 0.27)#(0.75284, 0.02661, -0.14920, 0.64052)
024456#(0.89, 0.67, 0.26)#(0.74927, 0.03032, -0.15545, 0.64305)
024457#(0.91, 0.66, 0.26)#(0.75131, 0.02403, -0.16355, 0.63891)
024458#(0.92, 0.65, 0.26)#(0.75519, 0.02069, -0.17171, 0.63228)
024459#(0.92, 0.65, 0.25)#(0.75694, 0.02757, -0.17729, 0.62837)
024500#(0.91, 0.66, 0.24)#(0.75458, 0.03226, -0.17729, 0.63098)
024501#(0.91, 0.71, 0.26)#(0.73987, 0.03024, -0.15869, 0.65306)
024502#(0.89, 1.11, 0.26)#(0.60101, -0.00105, -0.04349, 0.79805)
024503#(0.84, 1.20, 0.18)#(0.62278, -0.06169, -0.01176, 0.77987)
024504#(0.78, 1.26, 0.11)#(0.39199, -0.08900, 0.08111, 0.91206)
024505#(0.79, 1.28, 0.07)#(0.20186, -0.14438, 0.06669, 0.96642)
024506#(0.81, 1.27, 0.08)#(0.12438, -0.11324, 0.06888, 0.98334)
024507#(0.81, 1.28, 0.09)#(0.12954, -0.15263, -0.05471, 0.97823)
024508#(0.80, 1.26, 0.12)#(0.18068, -0.21011, -0.07490, 0.95791)
024509#(0.80, 1.26, 0.12)#(0.22224, -0.19271, -0.05745, 0.95403)
024510#(0.81, 1.26, 0.11)#(0.21954, -0.14563, -0.05574, 0.96306)
024511#(0.95, 1.30, 0.03)#(0.18528, 0.27159, -0.13334, 0.93495)
024512#(0.94, 1.27, -0.02)#(0.22613, -0.19897, -0.03676, 0.95285)
024513#(1.08, 1.29, -0.42)#(0.18013, -0.29031, 0.02067, 0.93960)
024514#(1.39, 1.29, -0.43)#(0.16934, -0.31621, 0.05383, 0.93190)
024515#(1.13, 1.29, -0.44)#(0.17051, -0.42589, 0.05460, 0.88688)
024516#(0.90, 1.29, -0.24)#(0.18313, -0.37559, 0.04106, 0.90759)
024517#(0.85, 1.30, -0.19)#(0.18480, -0.22610, -0.00930, 0.95637)
024518#(0.86, 1.30, -0.20)#(0.19034, -0.24913, 0.00374, 0.94957)
024519#(0.85, 1.30, -0.22)#(0.19845, -0.31780, 0.00689, 0.92713)
024520#(0.85, 1.30, -0.22)#(0.19680, -0.31514, 0.01123, 0.92835)
024521#(0.85, 1.30, -0.22)#(0.20117, -0.30980, 0.01451, 0.92916)
024522#(0.86, 1.30, -0.22)#(0.19606, -0.30260, 0.01279, 0.93265)
024523#(0.86, 1.30, -0.23)#(0.09144, -0.30454, 0.00089, 0.94810)
024524#(0.88, 1.30, -0.21)#(0.11995, -0.19673, -0.01240, 0.97301)
024525#(0.88, 1.30, -0.20)#(0.14912, -0.18519, -0.01896, 0.97114)
024526#(0.85, 1.26, -0.17)#(0.33019, -0.24573, 0.05520, 0.90969)
024527#(0.83, 1.26, -0.16)#(0.37375, -0.22231, 0.08052, 0.89689)