101405#(0.14, 1.31, -0.06)#(0.00411, -0.95404, 0.28958, 0.07701)
101406#(0.28, 1.45, 0.01)#(0.03190, 0.96034, -0.16251, 0.22432)
101407#(0.19, 1.45, -0.03)#(-0.00334, 0.98180, -0.15429, 0.11068)
101408#(0.20, 1.44, -0.04)#(-0.00529, 0.97858, -0.17209, 0.11283)
101409#(0.24, 1.40, -0.07)#(0.00466, 0.96879, -0.22986, 0.09272)
101410#(0.30, 1.35, -0.15)#(0.03516, 0.95364, -0.24356, 0.17325)
101411#(0.18, 1.39, -0.36)#(0.10630, 0.86225, -0.22754, 0.43984)
101412#(0.21, 1.40, 0.03)#(0.21128, 0.43397, -0.14373, 0.86393)
101413#(0.16, 1.47, -0.23)#(0.19964, 0.05904, -0.04470, 0.97707)
101414#(0.07, 1.45, -0.26)#(0.23694, 0.00131, -0.02194, 0.97128)
101415#(-0.02, 1.42, -0.22)#(0.28054, -0.08201, -0.00257, 0.95633)
101416#(-0.05, 1.29, 0.05)#(0.39786, -0.05713, 0.00192, 0.91566)
101417#(-0.08, 1.23, 0.52)#(0.47376, -0.03423, 0.02264, 0.87970)
101418#(-0.13, 1.25, 0.56)#(0.46098, 0.01056, 0.01392, 0.88724)
101419#(-0.04, 1.22, 0.56)#(0.47634, 0.11511, -0.04430, 0.87057)
101420#(-0.04, 1.23, 0.57)#(0.47398, 0.09021, -0.03489, 0.87520)
101421#(0.02, 1.24, 0.57)#(0.46221, 0.14040, -0.05188, 0.87405)
101422#(0.14, 1.24, 0.55)#(0.44399, 0.28766, -0.12526, 0.83930)
101423#(0.09, 1.11, 0.65)#(0.58562, 0.22194, -0.04002, 0.77858)
101424#(0.12, 1.16, 0.63)#(0.51923, 0.22741, -0.09088, 0.81879)
101425#(0.22, 1.31, 0.51)#(0.35468, 0.28899, -0.13805, 0.87842)
101426#(0.21, 1.32, 0.47)#(0.35014, 0.23904, -0.13153, 0.89608)
101427#(0.10, 1.29, 0.19)#(0.39575, 0.18020, -0.12696, 0.89151)
101428#(0.12, 1.32, -0.01)#(0.39932, 0.19806, -0.12619, 0.88622)
101429#(0.19, 1.31, -0.01)#(0.38089, 0.25945, -0.17015, 0.87101)
101430#(0.37, 1.41, -0.16)#(0.18319, 0.60348, -0.23745, 0.73883)
101431#(0.58, 1.48, -0.20)#(0.09219, 0.69882, -0.15760, 0.69161)
101432#(0.41, 1.49, -0.23)#(0.02879, 0.91980, -0.16606, 0.35434)
101433#(0.35, 1.50, 0.04)#(0.05673, 0.86625, -0.19253, 0.45752)
101434#(0.37, 1.50, 0.10)#(0.07423, 0.79312, -0.18105, 0.57678)
101435#(0.43, 1.49, 0.05)#(0.05551, 0.78139, -0.19308, 0.59082)
101436#(0.40, 1.49, -0.18)#(0.11549, 0.71359, -0.16517, 0.67094)
101437#(0.38, 1.50, -0.13)#(0.10357, 0.72227, -0.15570, 0.66585)
101438#(0.40, 1.49, -0.13)#(0.09672, 0.73040, -0.16712, 0.65516)
101439#(0.39, 1.49, -0.18)#(0.06637, 0.81132, -0.16070, 0.55814)
101440#(0.38, 1.45, -0.21)#(0.07310, 0.81969, -0.22184, 0.52302)
101441#(0.32, 1.30, -0.63)#(0.23632, 0.67735, -0.34668, 0.60429)
101442#(0.29, 1.24, -0.73)#(0.27202, 0.68079, -0.42746, 0.52897)
101443#(0.29, 1.24, -0.77)#(0.25357, 0.70963, -0.43156, 0.49587)
101444#(0.33, 1.41, -0.61)#(0.17185, 0.62269, -0.22772, 0.72861)
101445#(0.31, 1.47, -0.47)#(0.15303, 0.50569, -0.14349, 0.83682)
101446#(0.31, 1.46, -0.46)#(0.15276, 0.56259, -0.13970, 0.80040)
101447#(0.29, 1.45, -0.39)#(0.17060, 0.51810, -0.16098, 0.82253)
101448#(0.14, 1.44, 0.02)#(0.18053, 0.70150, -0.15182, 0.67250)
101449#(0.05, 1.50, -0.05)#(0.05326, 0.82909, -0.11802, 0.54391)
101450#(-0.07, 1.51, -0.13)#(0.01712, 0.95213, -0.10605, 0.28618)
101451#(0.13, 1.47, -0.18)#(-0.02644, 0.95813, -0.16865, 0.22990)
101452#(0.15, 1.37, -0.08)#(0.16709, -0.84774, 0.31257, 0.39461)
101453#(0.04, 1.32, -0.02)#(0.25765, -0.78429, 0.32899, 0.45855)
101454#(-0.27, 1.29, 0.10)#(0.28165, -0.73395, 0.35657, 0.50482)
101455#(-0.29, 1.28, 0.11)#(0.30930, -0.73437, 0.35517, 0.48876)
101456#(-0.30, 1.30, 0.08)#(0.28618, -0.75941, 0.34942, 0.46830)
101457#(-0.29, 1.30, 0.07)#(0.28157, -0.76754, 0.35645, 0.45227)
101458#(-0.28, 1.29, 0.05)#(0.27553, -0.78092, 0.37912, 0.41294)
101459#(-0.27, 1.21, -0.16)#(0.21302, -0.76562, 0.51769, 0.31692)
101500#(-0.36, 1.14, -0.47)#(0.24358, -0.66569, 0.58532, 0.39360)
101501#(-0.41, 1.17, -0.50)#(0.24814, -0.67964, 0.54597, 0.42241)
101502#(-0.40, 1.26, -0.43)#(0.26544, -0.73128, 0.42101, 0.46640)
101503#(-0.36, 1.28, -0.16)#(0.41645, -0.46297, 0.23126, 0.74749)
101504#(-0.14, 1.27, 0.01)#(0.45221, -0.34764, 0.15945, 0.80575)
101505#(0.06, 1.27, 0.09)#(0.47751, -0.22706, 0.06125, 0.84656)
101506#(0.34, 1.20, 0.04)#(0.52051, 0.21042, -0.26461, 0.78407)
101507#(0.77, 1.18, -0.03)#(0.59150, 0.20474, -0.01461, 0.77974)
101508#(0.89, 1.13, -0.02)#(0.60735, 0.22473, -0.02997, 0.76140)
101509#(0.86, 1.09, -0.09)#(0.51340, 0.54976, -0.30833, 0.58234)
101510#(0.68, 0.88, -0.08)#(0.50202, 0.60845, -0.46549, 0.40136)
101511#(0.67, 0.87, -0.07)#(0.50717, 0.59282, -0.47070, 0.41204)
101512#(0.67, 0.89, -0.08)#(0.49070, 0.59950, -0.47690, 0.41518)
101513#(0.49, 1.22, -0.15)#(0.39195, 0.52242, -0.39482, 0.64620)
101514#(0.36, 1.22, -0.10)#(0.46995, 0.34373, -0.33172, 0.74227)
101515#(0.30, 1.23, -0.06)#(0.48272, 0.28480, -0.30928, 0.76826)
101516#(0.30, 1.23, -0.04)#(0.49650, 0.25866, -0.30364, 0.77097)
101517#(0.31, 1.23, -0.02)#(0.49136, 0.25903, -0.30279, 0.77446)
101518#(0.35, 1.24, -0.13)#(0.42636, 0.40700, -0.38168, 0.71196)
101519#(0.34, 1.23, -0.17)#(0.41626, 0.43443, -0.40135, 0.69059)
101520#(0.34, 1.24, -0.16)#(0.42198, 0.42249, -0.38801, 0.70206)
101521#(0.28, 1.23, -0.05)#(0.49089, 0.26170, -0.31817, 0.76767)
101522#(0.30, 1.24, -0.11)#(0.44681, 0.35562, -0.36535, 0.73513)
101523#(0.34, 1.23, -0.18)#(0.41386, 0.40141, -0.52783, 0.62368)
101524#(0.51, 1.44, -0.26)#(0.21875, 0.65134, -0.29656, 0.66329)
101525#(0.48, 1.49, -0.25)#(0.15968, 0.62895, -0.17102, 0.74141)
101526#(0.63, 1.52, -0.18)#(0.13254, 0.69577, -0.13821, 0.69227)
101527#(0.66, 1.47, -0.18)#(0.17677, 0.66846, -0.18950, 0.69714)
101528#(0.66, 1.44, -0.14)#(0.22971, 0.49198, -0.16483, 0.82342)
101529#(0.29, 1.44, -0.16)#(0.30038, -0.09184, -0.04444, 0.94835)
101530#(0.12, 1.45, -0.25)#(0.28066, -0.14429, 0.02407, 0.94860)
101531#(0.11, 1.45, -0.26)#(0.27465, -0.15718, 0.02446, 0.94830)
101532#(-0.06, 1.36, -0.42)#(0.40431, -0.51511, 0.25782, 0.71044)
101533#(-0.05, 1.37, -0.40)#(0.39641, -0.53889, 0.22034, 0.70986)
101534#(-0.10, 1.36, -0.42)#(0.39213, -0.57078, 0.26965, 0.66914)
101535#(-0.07, 1.36, -0.38)#(0.40287, -0.50473, 0.23354, 0.72691)
101536#(0.06, 1.37, -0.28)#(0.42936, -0.22448, 0.07677, 0.87142)
101537#(0.04, 1.38, -0.30)#(0.42360, -0.24055, 0.09046, 0.86863)
101538#(0.06, 1.39, -0.31)#(0.40645, -0.22902, 0.08495, 0.88041)
101539#(0.47, 1.40, 0.06)#(0.39462, 0.07731, -0.07912, 0.91216)
101540#(0.43, 1.40, 0.15)#(0.34974, -0.08017, -0.02861, 0.93297)
101541#(0.18, 1.39, 0.14)#(0.37031, -0.33166, 0.11734, 0.85971)
101542#(0.25, 1.39, 0.18)#(0.37603, -0.11020, 0.03559, 0.91934)
101543#(0.24, 1.38, 0.18)#(0.39104, -0.06923, 0.03354, 0.91715)
101544#(0.24, 1.39, 0.17)#(0.37067, -0.03338, 0.02687, 0.92778)
101545#(0.23, 1.39, 0.18)#(0.36786, -0.04561, 0.03333, 0.92816)
101546#(0.15, 1.52, 0.20)#(0.14652, -0.11799, 0.04092, 0.98129)
101547#(0.18, 1.53, 0.19)#(0.11829, -0.14895, 0.00713, 0.98172)
101548#(0.15, 1.50, 0.21)#(0.18374, -0.14555, 0.01091, 0.97208)
101549#(0.14, 1.49, 0.19)#(0.17899, -0.18051, 0.01685, 0.96700)
101550#(0.13, 1.49, 0.17)#(0.17075, -0.19335, 0.02703, 0.96578)
101551#(0.14, 1.47, 0.20)#(0.21975, -0.17447, 0.00505, 0.95982)
101552#(0.14, 1.39, 0.28)#(0.34885, -0.09473, 0.04546, 0.93127)
101553#(0.14, 1.37, 0.26)#(0.37820, 0.01593, 0.02922, 0.92513)
101554#(0.15, 1.35, -0.04)#(0.39513, 0.36181, -0.12689, 0.83479)
101555#(0.06, 1.40, -0.02)#(0.34080, 0.42349, -0.12052, 0.83065)
101556#(0.06, 1.41, -0.03)#(0.33043, 0.42816, -0.11336, 0.83345)
101557#(0.07, 1.40, -0.02)#(0.32610, 0.43066, -0.12227, 0.83261)
101558#(0.09, 1.40, -0.02)#(0.33225, 0.38995, -0.13649, 0.84789)
101559#(0.04, 1.40, 0.04)#(0.35403, 0.24678, -0.09071, 0.89752)
101600#(0.04, 1.40, 0.05)#(0.34243, 0.21781, -0.08842, 0.90966)
101601#(0.03, 1.40, 0.05)#(0.34703, 0.18797, -0.08531, 0.91486)
101602#(0.14, 1.38, -0.01)#(0.36387, 0.26414, -0.13075, 0.88359)
101603#(0.14, 1.39, -0.24)#(0.21802, 0.77328, -0.31560, 0.50487)
101604#(0.11, 1.40, -0.09)#(0.26080, 0.71782, -0.27787, 0.58267)
101605#(0.03, 1.37, 0.19)#(0.38385, 0.26915, -0.10079, 0.87753)
101606#(0.06, 1.37, 0.34)#(0.39857, 0.12297, -0.01234, 0.90877)
101607#(0.11, 1.37, 0.33)#(0.39671, 0.12080, -0.04214, 0.90898)
101608#(0.16, 1.44, 0.29)#(0.24730, 0.24514, -0.06782, 0.93496)
101609#(0.18, 1.43, 0.23)#(0.27940, 0.23713, -0.08479, 0.92656)
101610#(-0.06, 1.43, 0.03)#(0.31234, 0.25222, -0.03365, 0.91526)
101611#(-0.08, 1.48, -0.08)#(0.21633, 0.07910, -0.05572, 0.97151)
101612#(-0.07, 1.47, -0.09)#(0.22586, 0.05302, -0.05166, 0.97134)
101613#(-0.10, 1.46, -0.07)#(0.24814, 0.00438, -0.03124, 0.96821)
101614#(-0.12, 1.45, -0.06)#(0.29516, -0.01823, -0.02454, 0.95496)
101615#(-0.15, 1.43, -0.06)#(0.31788, -0.04715, -0.00267, 0.94695)
101616#(-0.16, 1.43, -0.05)#(0.32196, -0.05988, 0.00956, 0.94481)
101617#(0.14, 1.40, 0.03)#(0.36236, -0.14781, -0.01930, 0.92004)
101618#(0.12, 1.45, 0.27)#(0.26771, -0.52929, 0.15557, 0.78993)
101619#(0.11, 1.44, 0.49)#(0.25454, -0.74967, 0.20491, 0.57551)
101620#(0.11, 1.44, 0.46)#(0.21734, -0.75701, 0.21767, 0.57646)
101621#(0.09, 1.44, 0.49)#(0.22800, -0.74963, 0.19774, 0.58905)
101622#(0.09, 1.43, 0.52)#(0.25926, -0.71192, 0.20520, 0.61956)
101623#(0.08, 1.43, 0.54)#(0.26858, -0.69136, 0.20352, 0.63911)
101624#(0.10, 1.43, 0.52)#(0.25901, -0.68739, 0.21490, 0.64361)
101625#(0.06, 1.43, 0.37)#(0.22515, -0.74943, 0.25926, 0.56608)
101626#(0.06, 1.41, 0.23)#(0.17429, -0.84982, 0.30583, 0.39230)
101627#(0.06, 1.41, 0.36)#(0.26550, -0.66780, 0.24435, 0.65103)
101628#(0.02, 1.37, 0.32)#(0.32110, -0.61835, 0.27707, 0.66165)
101629#(-0.05, 1.34, 0.44)#(0.34438, -0.60221, 0.27372, 0.66620)
101630#(-0.19, 1.30, 0.56)#(0.35047, -0.67176, 0.34390, 0.55466)
101631#(-0.19, 1.31, 0.56)#(0.34627, -0.67130, 0.32388, 0.56969)
101632#(-0.19, 1.31, 0.55)#(0.34212, -0.67348, 0.32741, 0.56761)
101633#(-0.19, 1.31, 0.56)#(0.35198, -0.66770, 0.31889, 0.57323)
101634#(-0.19, 1.32, 0.54)#(0.34000, -0.67815, 0.31866, 0.56830)
101635#(-0.19, 1.32, 0.53)#(0.33042, -0.68607, 0.32017, 0.56358)
101636#(-0.18, 1.34, 0.48)#(0.33470, -0.65799, 0.31257, 0.59777)
101637#(-0.15, 1.35, 0.08)#(0.33609, -0.56823, 0.29907, 0.68900)
101638#(-0.14, 1.31, 0.03)#(0.37515, -0.52132, 0.34528, 0.68431)
101639#(-0.06, 1.33, 0.08)#(0.40463, -0.40138, 0.24487, 0.78435)
101640#(-0.05, 1.33, 0.07)#(0.40499, -0.41349, 0.24597, 0.77751)
101641#(-0.10, 1.30, 0.22)#(0.44195, -0.41735, 0.22980, 0.76006)
101642#(-0.12, 1.25, 0.58)#(0.49630, -0.39139, 0.20548, 0.74717)
101643#(-0.16, 1.23, 0.61)#(0.50103, -0.42839, 0.20877, 0.72240)
101644#(-0.18, 1.10, 0.65)#(0.55387, -0.35343, 0.24920, 0.71149)
101645#(-0.19, 1.05, 0.69)#(0.58712, -0.29709, 0.22396, 0.71894)
101646#(-0.17, 1.19, 0.72)#(0.56018, -0.26231, 0.15609, 0.77008)
101647#(-0.32, 1.39, 0.33)#(0.20418, -0.80575, 0.32729, 0.44941)
101648#(-0.24, 1.35, 0.61)#(0.41463, -0.44961, 0.15569, 0.77569)
101649#(-0.17, 1.27, 0.69)#(0.49200, -0.34630, 0.11650, 0.79021)
101650#(-0.17, 1.25, 0.74)#(0.50185, -0.32003, 0.09446, 0.79800)
101651#(-0.19, 1.24, 0.74)#(0.50164, -0.32568, 0.11538, 0.79308)
101652#(-0.19, 1.20, 0.71)#(0.60050, -0.02617, 0.09463, 0.79357)
101653#(-0.14, 1.16, 0.76)#(0.62445, 0.03355, 0.12134, 0.77085)
101654#(-0.19, 1.18, 0.80)#(0.60720, -0.06618, 0.11107, 0.78396)
101655#(-0.20, 1.16, 0.80)#(0.62051, -0.09243, 0.12465, 0.76869)
101656#(-0.21, 1.14, 0.81)#(0.63921, -0.11618, 0.12901, 0.74917)
101657#(-0.22, 1.14, 0.81)#(0.63953, -0.12189, 0.13345, 0.74721)
101658#(-0.19, 1.25, 0.74)#(0.53063, -0.13797, 0.13441, 0.82543)
101659#(-0.08, 1.29, 0.54)#(0.46992, -0.16085, 0.13594, 0.85722)
101700#(-0.02, 1.30, 0.19)#(0.51582, 0.18985, -0.03000, 0.83486)
101701#(0.19, 1.29, -0.23)#(0.42260, 0.54349, -0.27390, 0.67157)
101702#(0.19, 1.30, -0.28)#(0.39183, 0.57778, -0.29604, 0.65192)
101703#(0.17, 1.32, -0.24)#(0.40091, 0.50538, -0.23445, 0.72725)
101704#(0.17, 1.31, -0.22)#(0.40988, 0.47792, -0.22801, 0.74270)
101705#(0.17, 1.31, -0.23)#(0.40897, 0.48159, -0.23224, 0.73951)
101706#(0.18, 1.31, -0.22)#(0.40379, 0.48504, -0.23379, 0.73962)
101707#(0.17, 1.32, -0.22)#(0.41147, 0.48061, -0.22481, 0.74106)
101708#(0.16, 1.32, -0.22)#(0.40838, 0.48275, -0.21874, 0.74319)
101709#(0.15, 1.32, -0.22)#(0.40419, 0.48119, -0.22021, 0.74605)
101710#(0.19, 1.33, -0.26)#(0.38481, 0.53671, -0.23298, 0.71385)
101711#(0.37, 1.34, -0.28)#(0.14981, 0.84549, -0.44045, 0.26211)
101712#(0.39, 1.35, -0.21)#(0.18166, 0.83319, -0.43772, 0.28494)
101713#(0.38, 1.35, -0.21)#(0.18182, 0.83168, -0.42076, 0.31339)
101714#(0.51, 1.33, -0.19)#(0.27706, 0.73216, -0.39154, 0.48360)
101715#(0.43, 1.33, -0.26)#(0.20658, 0.79706, -0.43662, 0.36248)
101716#(0.38, 1.32, -0.25)#(0.21975, 0.82266, -0.46979, 0.23289)
101717#(0.42, 1.32, -0.23)#(0.23856, 0.81238, -0.42844, 0.31554)
101718#(0.40, 1.31, -0.24)#(0.23106, 0.82200, -0.46153, 0.24065)
101719#(0.44, 1.31, -0.22)#(0.25249, 0.80432, -0.43398, 0.31776)
101720#(0.50, 1.29, -0.20)#(0.30441, 0.70564, -0.43256, 0.47148)
101721#(0.35, 1.27, -0.25)#(0.48010, 0.42909, -0.29256, 0.70696)
101722#(0.12, 1.29, -0.10)#(0.53203, 0.12151, -0.06978, 0.83505)
101723#(0.05, 1.31, 0.05)#(0.50708, 0.12369, -0.07019, 0.85009)
101724#(0.02, 1.32, 0.12)#(0.50077, 0.11312, -0.05318, 0.85651)
101725#(0.08, 1.33, 0.09)#(0.45902, 0.32740, -0.13956, 0.81402)
101726#(0.04, 1.43, -0.09)#(0.13847, 0.86208, -0.26599, 0.40854)
101727#(-0.21, 1.53, -0.04)#(0.00205, -0.98307, 0.18208, 0.02018)
101728#(-0.18, 1.48, -0.16)#(0.14661, -0.87413, 0.23634, 0.39818)
101729#(-0.01, 1.49, 0.05)#(0.21485, -0.56261, 0.14405, 0.78521)
101730#(-0.01, 1.52, -0.07)#(0.21816, -0.14976, 0.03997, 0.96352)
101731#(0.07, 1.53, -0.09)#(0.20120, 0.10416, -0.02250, 0.97374)
101732#(-0.31, 1.49, -0.20)#(0.12061, -0.76850, 0.22819, 0.58549)
101733#(-0.09, 1.55, -0.30)#(0.03525, -0.97986, 0.18579, 0.06416)
101734#(0.10, 1.57, -0.35)#(0.02552, 0.91828, -0.13870, 0.36997)
101735#(0.04, 1.54, -0.44)#(0.16129, 0.47417, -0.10707, 0.85888)
101736#(0.04, 1.55, -0.81)#(0.18630, 0.11231, -0.04685, 0.97493)
101737#(0.16, 1.54, -0.81)#(0.19060, 0.24430, -0.06943, 0.94825)
101738#(0.33, 1.53, -0.55)#(0.19497, 0.31141, -0.09437, 0.92526)
101739#(0.38, 1.52, -0.54)#(0.22553, 0.22897, -0.09149, 0.94252)
101740#(0.37, 1.52, -0.56)#(0.18066, 0.20739, -0.08149, 0.95797)
101741#(0.40, 1.54, -0.60)#(0.12646, 0.48105, -0.08798, 0.86305)
101742#(0.40, 1.54, -0.60)#(0.12641, 0.49391, -0.08661, 0.85590)
101743#(0.40, 1.54, -0.59)#(0.15924, 0.21756, -0.11465, 0.95612)
101744#(0.39, 1.53, -0.59)#(0.16559, 0.16975, -0.12253, 0.96372)
101745#(0.41, 1.52, -0.58)#(0.18773, 0.40066, -0.11716, 0.88910)
101746#(0.39, 1.53, -0.61)#(0.12650, 0.51180, -0.09081, 0.84488)
101747#(0.39, 1.54, -0.60)#(0.12572, 0.50149, -0.08411, 0.85184)
101748#(0.38, 1.54, -0.59)#(0.12819, 0.33633, -0.09977, 0.92763)
101749#(0.39, 1.56, -0.61)#(0.10068, 0.45042, -0.08352, 0.88318)
101750#(0.38, 1.56, -0.62)#(0.08877, 0.45536, -0.07668, 0.88255)
101751#(0.41, 1.54, -0.58)#(0.13945, 0.38387, -0.09282, 0.90806)
101752#(0.38, 1.53, -0.57)#(0.15354, 0.21923, -0.08818, 0.95947)
101753#(0.39, 1.54, -0.58)#(0.12187, 0.45978, -0.08755, 0.87526)
101754#(0.39, 1.54, -0.59)#(0.11611, 0.48327, -0.08602, 0.86347)
101755#(0.39, 1.54, -0.58)#(0.12003, 0.48007, -0.08692, 0.86462)
101756#(0.40, 1.53, -0.58)#(0.13378, 0.48039, -0.09372, 0.86171)
101757#(0.40, 1.53, -0.58)#(0.13403, 0.47486, -0.09397, 0.86470)
101758#(0.40, 1.53, -0.58)#(0.13242, 0.47786, -0.09371, 0.86333)
101759#(0.39, 1.54, -0.59)#(0.12420, 0.48392, -0.09873, 0.86061)
101800#(0.40, 1.54, -0.59)#(0.11741, 0.48426, -0.09650, 0.86163)
101801#(0.40, 1.54, -0.59)#(0.12218, 0.48336, -0.09947, 0.86113)
101802#(0.38, 1.54, -0.59)#(0.12169, 0.47479, -0.09141, 0.86684)
101803#(0.39, 1.54, -0.59)#(0.12202, 0.47296, -0.09495, 0.86742)
101804#(0.39, 1.54, -0.59)#(0.12468, 0.46805, -0.09730, 0.86944)
101805#(0.38, 1.53, -0.58)#(0.16804, 0.27088, -0.11255, 0.94113)
101806#(0.35, 1.53, -0.54)#(0.16286, 0.35824, -0.09091, 0.91481)
101807#(0.30, 1.48, -0.47)#(0.20671, 0.42186, -0.09182, 0.87800)
101808#(0.26, 1.50, -0.09)#(0.17721, 0.29737, -0.06789, 0.93571)
101809#(0.11, 1.50, 0.21)#(0.17617, 0.43336, -0.09712, 0.87848)
101810#(0.11, 1.49, 0.23)#(0.17335, 0.44502, -0.11394, 0.87116)
101811#(0.11, 1.49, 0.23)#(0.16506, 0.46220, -0.11570, 0.86356)
101812#(0.13, 1.48, 0.12)#(0.16910, 0.59747, -0.15779, 0.76781)
101813#(0.19, 1.47, -0.18)#(0.16591, 0.60274, -0.18007, 0.75944)
101814#(0.21, 1.48, -0.17)#(0.16679, 0.62138, -0.18467, 0.74294)
101815#(0.20, 1.47, -0.10)#(0.21150, 0.46638, -0.17369, 0.84118)
101816#(0.20, 1.45, -0.08)#(0.23187, 0.45014, -0.19013, 0.84111)
101817#(0.20, 1.44, -0.07)#(0.24337, 0.44198, -0.20312, 0.83915)
101818#(0.20, 1.43, -0.10)#(0.24176, 0.46361, -0.21724, 0.82427)
101819#(0.14, 1.43, -0.02)#(0.28640, 0.31469, -0.14235, 0.89369)
101820#(0.14, 1.43, -0.03)#(0.28686, 0.32795, -0.13778, 0.88948)
101821#(0.14, 1.43, -0.04)#(0.27724, 0.35944, -0.15218, 0.87794)
101822#(0.13, 1.43, -0.06)#(0.26551, 0.38321, -0.15073, 0.87174)
101823#(0.14, 1.43, -0.07)#(0.26141, 0.39136, -0.16565, 0.86664)
101824#(0.16, 1.43, -0.07)#(0.26092, 0.39812, -0.16935, 0.86298)
101825#(0.16, 1.43, -0.07)#(0.25798, 0.40239, -0.17508, 0.86074)
101826#(0.16, 1.43, -0.07)#(0.25709, 0.40439, -0.17575, 0.85993)
101827#(0.17, 1.42, -0.07)#(0.25837, 0.40715, -0.18115, 0.85712)
101828#(0.00, 1.42, 0.12)#(0.35117, 0.04300, -0.01752, 0.93516)
101829#(-0.28, 1.40, 0.32)#(0.33929, -0.38191, 0.15419, 0.84573)
101830#(-0.18, 1.36, 0.46)#(0.33659, -0.54455, 0.27564, 0.71707)
101831#(-0.19, 1.35, 0.45)#(0.31739, -0.59405, 0.30090, 0.67515)
101832#(-0.19, 1.35, 0.43)#(0.31305, -0.62100, 0.31571, 0.64551)
101833#(-0.15, 1.34, 0.45)#(0.33986, -0.54360, 0.31705, 0.69891)
101834#(-0.16, 1.32, 0.47)#(0.36054, -0.54293, 0.32142, 0.68698)
101835#(-0.19, 1.32, 0.44)#(0.33849, -0.58917, 0.34594, 0.64701)
101836#(-0.18, 1.32, 0.44)#(0.34793, -0.58297, 0.34077, 0.65036)
101837#(-0.18, 1.31, 0.46)#(0.38379, -0.56603, 0.34389, 0.64347)
101838#(-0.16, 1.31, 0.43)#(0.37284, -0.58060, 0.35628, 0.63005)
101839#(-0.15, 1.32, 0.47)#(0.39693, -0.52120, 0.31406, 0.68715)
101840#(-0.25, 1.33, 0.41)#(0.50722, -0.08735, 0.07637, 0.85397)
101841#(-0.18, 1.47, 0.35)#(0.25738, 0.14109, -0.03587, 0.95528)
101842#(-0.19, 1.52, 0.34)#(0.15700, 0.06354, -0.02865, 0.98514)
101843#(-0.10, 1.48, 0.31)#(0.21609, 0.24625, -0.06826, 0.94234)
101844#(0.05, 1.45, 0.12)#(0.25134, 0.46133, -0.13095, 0.84075)
101845#(0.15, 1.44, -0.25)#(0.18979, 0.64019, -0.18531, 0.72097)
101846#(0.18, 1.44, -0.22)#(0.18799, 0.64002, -0.19253, 0.71970)
101847#(0.23, 1.40, -0.20)#(0.25542, 0.62512, -0.22680, 0.70182)
101848#(0.22, 1.39, -0.18)#(0.25842, 0.58467, -0.23511, 0.73219)
101849#(0.21, 1.39, -0.16)#(0.26752, 0.55439, -0.22441, 0.75546)
101850#(0.21, 1.39, -0.16)#(0.26522, 0.55019, -0.22357, 0.75959)
101851#(0.20, 1.39, -0.15)#(0.26700, 0.54755, -0.21977, 0.76197)
101852#(0.19, 1.39, -0.14)#(0.26891, 0.54288, -0.20025, 0.76998)
101853#(0.17, 1.40, -0.13)#(0.27610, 0.53272, -0.19164, 0.77669)
101854#(0.12, 1.50, -0.18)#(0.11152, 0.58798, -0.13617, 0.78949)
101855#(0.10, 1.46, -0.16)#(0.18327, 0.57377, -0.15139, 0.78377)
101856#(0.10, 1.45, -0.15)#(0.19445, 0.54279, -0.15346, 0.80251)
101857#(0.12, 1.44, -0.15)#(0.20292, 0.53608, -0.16735, 0.80214)
101858#(0.12, 1.44, -0.16)#(0.20257, 0.53708, -0.18121, 0.79855)
101859#(0.12, 1.44, -0.16)#(0.20536, 0.53739, -0.18269, 0.79729)
101900#(0.13, 1.44, -0.16)#(0.20388, 0.53575, -0.18800, 0.79753)
101901#(0.14, 1.43, -0.16)#(0.20691, 0.53801, -0.19395, 0.79380)
101902#(0.13, 1.44, -0.16)#(0.20814, 0.53643, -0.19242, 0.79492)
101903#(0.12, 1.44, -0.16)#(0.20714, 0.53757, -0.19349, 0.79415)
101904#(0.13, 1.44, -0.16)#(0.20930, 0.53405, -0.19540, 0.79549)
101905#(0.15, 1.43, -0.16)#(0.20934, 0.53667, -0.20146, 0.79220)
101906#(0.14, 1.44, -0.15)#(0.21971, 0.56495, -0.18503, 0.77351)
101907#(0.11, 1.44, -0.15)#(0.24075, 0.58522, -0.15873, 0.75787)
101908#(0.11, 1.44, -0.17)#(0.22210, 0.58822, -0.17037, 0.75871)
101909#(0.10, 1.45, -0.17)#(0.21828, 0.58189, -0.16041, 0.76683)
101910#(0.13, 1.43, -0.20)#(0.20854, 0.58756, -0.20692, 0.75397)
101911#(0.11, 1.43, -0.20)#(0.21278, 0.58530, -0.20657, 0.75464)
101912#(0.12, 1.43, -0.20)#(0.21475, 0.58484, -0.21104, 0.75320)
101913#(0.13, 1.43, -0.20)#(0.20915, 0.58732, -0.21626, 0.75136)
101914#(0.13, 1.43, 0.03)#(0.26320, 0.41220, -0.15652, 0.85809)
101915#(0.12, 1.40, 0.43)#(0.33576, 0.34493, -0.09584, 0.87126)
101916#(0.12, 1.41, 0.44)#(0.32386, 0.35427, -0.08467, 0.87318)
101917#(0.07, 1.40, 0.47)#(0.34010, 0.30175, -0.05518, 0.88895)
101918#(0.08, 1.40, 0.47)#(0.34937, 0.31938, -0.07833, 0.87738)
101919#(0.08, 1.43, 0.44)#(0.24050, 0.38568, -0.07554, 0.88753)
101920#(0.08, 1.43, 0.42)#(0.22705, 0.40434, -0.08108, 0.88226)
101921#(0.09, 1.44, 0.41)#(0.22693, 0.41170, -0.08459, 0.87855)
101922#(0.09, 1.43, 0.40)#(0.23321, 0.41484, -0.08684, 0.87520)
101923#(0.09, 1.43, 0.43)#(0.24995, 0.40802, -0.08973, 0.87350)
101924#(0.09, 1.42, 0.43)#(0.25567, 0.40893, -0.09551, 0.87080)
101925#(0.09, 1.42, 0.43)#(0.25343, 0.40581, -0.09743, 0.87270)
101926#(0.09, 1.42, 0.43)#(0.25888, 0.40747, -0.10224, 0.86977)
101927#(0.02, 1.41, 0.62)#(0.29856, -0.03799, 0.05803, 0.95187)
101928#(-0.04, 1.38, 0.53)#(0.34752, -0.59056, 0.25855, 0.68089)
101929#(-0.05, 1.37, 0.50)#(0.32486, -0.62646, 0.30505, 0.63950)
101930#(-0.05, 1.37, 0.51)#(0.33291, -0.64824, 0.29845, 0.61635)
101931#(0.00, 1.36, 0.61)#(0.39247, -0.51912, 0.22861, 0.72403)
101932#(0.04, 1.38, 0.67)#(0.38494, -0.43286, 0.16463, 0.79834)
101933#(0.04, 1.38, 0.68)#(0.38929, -0.40383, 0.14787, 0.81456)
101934#(0.21, 1.45, 0.65)#(0.28692, 0.10506, -0.07512, 0.94921)
101935#(0.13, 1.48, 0.42)#(0.26424, 0.36526, -0.08438, 0.88862)
101936#(0.16, 1.46, 0.42)#(0.27699, 0.39568, -0.10281, 0.86956)
101937#(0.18, 1.45, 0.42)#(0.27070, 0.46258, -0.10907, 0.83716)
101938#(0.20, 1.44, 0.42)#(0.27386, 0.47977, -0.10637, 0.82674)
101939#(0.15, 1.44, 0.48)#(0.28000, 0.34158, -0.07489, 0.89405)
101940#(-0.03, 1.41, 0.62)#(0.33539, -0.16211, 0.07932, 0.92463)
101941#(-0.08, 1.42, 0.59)#(0.30965, -0.27562, 0.11224, 0.90308)
101942#(-0.11, 1.42, 0.56)#(0.30939, -0.30505, 0.13123, 0.89107)
101943#(-0.13, 1.42, 0.52)#(0.30001, -0.35452, 0.13973, 0.87452)
101944#(0.11, 1.42, 0.58)#(0.36088, 0.04108, -0.00728, 0.93168)
101945#(0.15, 1.42, 0.59)#(0.35864, 0.11027, -0.03625, 0.92623)
101946#(0.17, 1.42, 0.60)#(0.35645, 0.13696, -0.04969, 0.92288)
101947#(0.14, 1.42, 0.61)#(0.34941, 0.09097, -0.02871, 0.93210)
101948#(0.05, 1.41, 0.64)#(0.35652, -0.04903, 0.03214, 0.93245)
101949#(0.03, 1.41, 0.63)#(0.36016, -0.07350, 0.04293, 0.92900)
101950#(0.02, 1.41, 0.63)#(0.36269, -0.07154, 0.03925, 0.92833)
101951#(0.05, 1.42, 0.63)#(0.34762, -0.01528, 0.01285, 0.93742)
101952#(0.18, 1.39, 0.51)#(0.38094, 0.34661, -0.11521, 0.84940)
101953#(0.17, 1.40, 0.50)#(0.36312, 0.36307, -0.09692, 0.85260)
101954#(0.17, 1.42, 0.47)#(0.33704, 0.37387, -0.09622, 0.85870)
101955#(0.27, 1.43, 0.10)#(0.28056, 0.55826, -0.14965, 0.76631)
101956#(0.31, 1.39, -0.08)#(0.28139, 0.60685, -0.24475, 0.70189)
101957#(0.29, 1.39, -0.14)#(0.24671, 0.66342, -0.27707, 0.64980)
101958#(0.29, 1.39, -0.12)#(0.24499, 0.65742, -0.27492, 0.65742)
101959#(0.29, 1.39, -0.10)#(0.25508, 0.63701, -0.26815, 0.67620)
102000#(0.29, 1.39, -0.07)#(0.26608, 0.61648, -0.24116, 0.70071)
102001#(0.30, 1.39, -0.08)#(0.26297, 0.61870, -0.24678, 0.69797)
102002#(0.30, 1.39, -0.08)#(0.26426, 0.61847, -0.24651, 0.69778)
102003#(0.29, 1.39, -0.08)#(0.26175, 0.62014, -0.24748, 0.69690)
102004#(0.29, 1.39, -0.08)#(0.27531, 0.62394, -0.25743, 0.68457)
102005#(0.27, 1.37, -0.02)#(0.33844, 0.55913, -0.24399, 0.71645)
102006#(0.18, 1.49, 0.15)#(0.26805, 0.25933, -0.13334, 0.91821)
102007#(-0.09, 1.57, 0.10)#(0.14178, -0.27693, 0.00387, 0.95037)
102008#(-0.07, 1.54, 0.17)#(0.18618, -0.49557, 0.13894, 0.83692)
102009#(-0.34, 1.47, -0.02)#(0.31204, -0.27061, 0.12164, 0.90256)
102010#(-0.43, 1.43, 0.05)#(0.39230, -0.12054, 0.07089, 0.90915)
102011#(-0.41, 1.39, 0.07)#(0.44942, -0.06151, 0.07349, 0.88816)
102012#(-0.32, 1.38, 0.03)#(0.49928, 0.12591, 0.00263, 0.85724)
102013#(-0.26, 1.37, 0.04)#(0.50444, 0.13682, -0.03443, 0.85184)
102014#(-0.16, 1.33, 0.15)#(0.62696, 0.16278, -0.08034, 0.75761)
102015#(-0.21, 1.34, 0.10)#(0.60712, 0.16112, -0.09308, 0.77252)
102016#(-0.38, 1.39, 0.17)#(0.43777, -0.26644, 0.14482, 0.84640)
102017#(-0.47, 1.41, 0.13)#(0.34313, -0.48476, 0.21115, 0.77633)
102018#(-0.52, 1.41, 0.06)#(0.29702, -0.51418, 0.26749, 0.75885)
102019#(-0.53, 1.41, 0.04)#(0.29988, -0.49845, 0.27026, 0.76719)
102020#(-0.53, 1.40, 0.04)#(0.31993, -0.48152, 0.26481, 0.77179)
102021#(-0.53, 1.40, 0.05)#(0.31933, -0.48055, 0.26370, 0.77302)
102022#(-0.53, 1.40, 0.05)#(0.31639, -0.47792, 0.26601, 0.77506)
102023#(-0.49, 1.40, 0.08)#(0.33643, -0.40292, 0.22206, 0.82168)
102024#(-0.28, 1.41, 0.17)#(0.40875, 0.00816, 0.01408, 0.91250)
102025#(-0.22, 1.40, 0.15)#(0.43287, 0.12351, -0.04963, 0.89157)
102026#(-0.13, 1.36, 0.10)#(0.47636, 0.27178, -0.13319, 0.82551)
102027#(0.23, 1.36, -0.14)#(0.33486, 0.61566, -0.34159, 0.62622)
102028#(-0.09, 1.36, -0.24)#(-0.01227, -0.87238, 0.48752, 0.03356)
