114955#(0.02, 1.27, 0.14)#(0.37593, 0.14144, -0.04893, 0.91448)
114956#(0.58, 1.16, 0.10)#(0.35651, 0.44794, -0.32455, 0.75294)
114957#(0.71, 1.11, 0.08)#(0.39484, 0.45336, -0.39189, 0.69641)
114958#(0.70, 1.11, 0.07)#(0.39281, 0.45336, -0.39546, 0.69554)
114959#(0.70, 1.12, 0.07)#(0.37186, 0.45219, -0.38922, 0.71116)
115000#(0.69, 1.11, 0.14)#(0.38757, 0.38630, -0.39170, 0.73968)
115001#(0.67, 1.11, 0.15)#(0.41793, 0.37065, -0.40134, 0.72587)
115002#(0.70, 1.10, 0.13)#(0.41418, 0.41748, -0.41837, 0.69220)
115003#(0.70, 0.99, 0.13)#(0.50498, 0.36867, -0.47084, 0.62240)
115004#(0.60, 1.14, 0.10)#(-0.35797, -0.56130, 0.44274, -0.60066)
115005#(0.56, 1.17, 0.11)#(-0.34208, -0.58621, 0.42850, -0.59642)
115006#(0.55, 1.18, 0.09)#(-0.31687, -0.62246, 0.42043, -0.57912)
115007#(0.68, 1.10, 0.12)#(0.39679, 0.47108, -0.41673, 0.66857)
115008#(0.68, 1.11, 0.10)#(0.41507, 0.44505, -0.41609, 0.67566)
115009#(0.66, 1.09, 0.17)#(0.45258, 0.39635, -0.40287, 0.68976)
115010#(0.67, 1.09, 0.17)#(0.44756, 0.40684, -0.36552, 0.70751)
115011#(0.71, 1.07, 0.16)#(0.46665, 0.40790, -0.38965, 0.68119)
115012#(0.45, 1.17, 0.00)#(-0.31361, -0.64728, 0.42731, -0.54780)
115013#(-0.32, 1.20, -0.48)#(0.07689, -0.86505, 0.48824, 0.08605)
115014#(-0.67, 1.07, -0.80)#(0.43516, -0.61653, 0.38198, 0.53350)
115015#(-0.79, 0.81, -0.76)#(0.58742, -0.42241, 0.31999, 0.61166)
115016#(-0.63, 0.82, -0.74)#(0.64777, -0.21694, 0.24277, 0.68877)
115017#(-0.62, 0.82, -0.77)#(0.61704, -0.23226, 0.25857, 0.70602)
115018#(-0.69, 0.73, -0.72)#(0.64740, -0.28096, 0.23637, 0.66788)
115019#(-0.69, 0.94, -0.79)#(0.52915, -0.44421, 0.34501, 0.63533)
115020#(-0.51, 1.14, -0.77)#(0.39828, -0.60529, 0.31049, 0.61530)
115021#(-0.52, 1.20, -0.82)#(0.34430, -0.69176, 0.29461, 0.56225)
115022#(-0.49, 1.25, -0.66)#(0.36261, -0.57379, 0.17337, 0.71360)
115023#(-0.36, 1.30, -0.15)#(0.33900, -0.27211, 0.07955, 0.89705)
115024#(-0.27, 1.27, 0.37)#(0.35282, -0.04189, -0.03255, 0.93418)
115025#(-0.33, 1.25, -0.22)#(0.22964, -0.80195, 0.34552, 0.42983)
115026#(-0.14, 1.27, -0.34)#(0.17556, -0.81238, 0.34770, 0.43396)
115027#(-0.13, 1.28, -0.25)#(0.17997, -0.82052, 0.32841, 0.43187)
115028#(-0.10, 1.38, -0.24)#(0.14253, -0.92554, 0.14124, 0.32110)
115029#(-0.14, 1.30, -0.19)#(0.20142, -0.86224, 0.24806, 0.39298)
115030#(-0.17, 1.33, -0.09)#(0.20592, -0.80579, 0.15493, 0.53319)
115031#(-0.04, 1.36, -0.42)#(0.04578, -0.97300, 0.21683, 0.06446)
115032#(0.01, 1.30, -0.11)#(-0.16775, -0.68537, 0.24928, -0.66332)
115033#(-0.07, 1.26, 0.15)#(0.27344, 0.48704, -0.16990, 0.81188)
115034#(-0.13, 1.33, 0.20)#(0.22341, 0.34054, -0.07285, 0.91039)
115035#(-0.12, 1.32, 0.18)#(0.21847, 0.40892, -0.11063, 0.87910)
115036#(0.15, 1.23, 0.18)#(0.23168, 0.43884, -0.15981, 0.85335)
115037#(0.69, 1.12, 0.09)#(0.36289, 0.55490, -0.34784, 0.66287)
115038#(0.75, 1.08, 0.01)#(-0.34849, -0.63234, 0.41953, -0.55018)
115039#(0.77, 1.05, 0.04)#(-0.35259, -0.59972, 0.41730, -0.58470)
115040#(0.76, 1.05, 0.01)#(-0.35719, -0.61221, 0.42669, -0.56174)
115041#(0.75, 1.06, -0.01)#(-0.34789, -0.62551, 0.42986, -0.55040)
115042#(0.75, 1.08, -0.01)#(-0.37081, -0.61363, 0.43603, -0.54391)
115043#(0.74, 1.09, -0.01)#(-0.37172, -0.61060, 0.43790, -0.54519)
115044#(0.74, 1.09, 0.00)#(-0.36959, -0.60462, 0.43579, -0.55491)
115045#(0.73, 1.10, -0.01)#(-0.35526, -0.62072, 0.43574, -0.54646)
115046#(0.72, 1.11, 0.00)#(-0.34745, -0.62067, 0.43159, -0.55478)
115047#(0.71, 1.10, -0.02)#(-0.33860, -0.63710, 0.44577, -0.52986)
115048#(0.72, 1.10, -0.01)#(-0.33945, -0.63427, 0.44182, -0.53598)
115049#(0.71, 1.09, -0.01)#(-0.34018, -0.62667, 0.44204, -0.54420)
115050#(0.71, 1.10, 0.00)#(-0.33660, -0.62642, 0.43423, -0.55293)
115051#(0.71, 1.10, 0.01)#(-0.32363, -0.62122, 0.44752, -0.55595)
115052#(0.72, 1.10, 0.01)#(-0.34528, -0.60488, 0.45149, -0.55773)
115053#(0.72, 1.10, 0.01)#(-0.32358, -0.61205, 0.45308, -0.56162)
115054#(0.72, 1.09, 0.00)#(-0.34296, -0.61458, 0.46091, -0.54058)
115055#(0.72, 1.08, -0.01)#(-0.34613, -0.61724, 0.46526, -0.53173)
115056#(0.72, 1.08, 0.00)#(-0.35376, -0.60557, 0.46327, -0.54178)
115057#(0.76, 1.10, 0.06)#(0.36770, 0.55445, -0.41866, 0.61815)
115058#(0.76, 1.08, 0.07)#(0.38850, 0.55684, -0.41982, 0.60229)
115059#(0.75, 1.09, 0.06)#(0.38424, 0.56371, -0.41893, 0.59925)
115100#(0.75, 1.09, 0.06)#(0.38571, 0.56580, -0.41581, 0.59850)
115101#(0.75, 1.10, 0.07)#(0.38540, 0.56050, -0.40898, 0.60832)
115102#(0.75, 1.10, 0.09)#(0.39443, 0.54302, -0.40215, 0.62277)
115103#(0.75, 1.10, 0.09)#(0.39893, 0.53783, -0.39830, 0.62685)
115104#(0.75, 1.10, 0.09)#(0.40230, 0.53711, -0.40007, 0.62419)
115105#(0.76, 1.09, 0.09)#(0.41390, 0.53031, -0.39920, 0.62297)
115106#(0.77, 1.08, 0.09)#(0.41848, 0.52704, -0.39538, 0.62512)
115107#(0.78, 1.09, 0.10)#(0.41680, 0.52599, -0.38375, 0.63431)
115108#(0.78, 1.09, 0.10)#(0.42302, 0.51718, -0.38116, 0.63899)
115109#(0.78, 1.09, 0.10)#(0.42551, 0.51751, -0.38360, 0.63559)
115110#(0.78, 1.08, 0.10)#(0.44350, 0.50878, -0.38359, 0.63033)
115111#(0.76, 1.09, 0.08)#(0.42238, 0.53750, -0.39427, 0.61420)
115112#(0.75, 1.11, 0.08)#(0.41859, 0.55165, -0.39530, 0.60348)
115113#(0.76, 1.10, 0.09)#(0.42930, 0.54272, -0.40248, 0.59931)
115114#(0.76, 1.07, 0.09)#(0.43668, 0.52642, -0.41868, 0.59742)
115115#(0.77, 1.07, 0.09)#(0.43536, 0.52371, -0.41948, 0.60019)
115116#(0.77, 1.08, 0.09)#(0.43175, 0.53157, -0.40977, 0.60259)
115117#(0.76, 1.08, 0.09)#(0.43236, 0.53465, -0.40725, 0.60112)
115118#(0.77, 1.06, 0.09)#(0.43703, 0.52270, -0.42427, 0.59648)
115119#(0.76, 1.04, 0.09)#(0.44924, 0.50532, -0.43677, 0.59335)
115120#(0.75, 1.05, 0.07)#(0.43726, 0.52864, -0.44523, 0.57542)
115121#(0.74, 1.07, 0.08)#(0.44275, 0.53043, -0.42190, 0.58705)
115122#(0.74, 1.08, 0.06)#(0.41852, 0.55520, -0.43328, 0.57347)
115123#(0.74, 1.08, 0.05)#(-0.40685, -0.55350, 0.45445, -0.56708)
115124#(0.73, 1.06, -0.01)#(-0.40819, -0.56933, 0.50450, -0.50470)
115125#(0.75, 1.08, 0.10)#(0.43067, 0.49723, -0.42901, 0.61905)
115126#(0.73, 1.11, 0.13)#(0.42611, 0.47728, -0.40109, 0.65556)
115127#(0.74, 1.09, 0.14)#(0.44128, 0.45601, -0.39583, 0.66381)
115128#(0.74, 1.08, 0.11)#(0.42675, 0.48448, -0.42853, 0.63208)
115129#(0.75, 1.08, 0.11)#(0.42941, 0.48235, -0.42675, 0.63311)
115130#(0.74, 1.08, 0.10)#(0.42496, 0.48216, -0.42221, 0.63928)
115131#(0.74, 1.10, 0.16)#(0.45305, 0.45483, -0.36562, 0.67394)
115132#(0.79, 1.01, 0.11)#(0.48894, 0.46059, -0.44457, 0.59258)
115133#(0.81, 0.95, 0.12)#(0.48524, 0.43783, -0.48282, 0.58287)
115134#(0.81, 0.97, 0.12)#(0.48233, 0.44184, -0.47074, 0.59207)
115135#(0.81, 0.97, 0.13)#(0.48509, 0.43739, -0.47044, 0.59335)
115136#(0.81, 0.97, 0.12)#(0.47737, 0.44250, -0.47313, 0.59368)
115137#(0.81, 0.98, 0.13)#(0.47507, 0.44347, -0.46795, 0.59888)
115138#(0.77, 1.00, 0.11)#(0.43536, 0.44630, -0.46872, 0.62577)
115139#(0.50, 1.18, 0.16)#(0.35896, 0.38397, -0.27433, 0.80527)
115140#(0.20, 1.25, 0.10)#(0.32252, 0.34796, -0.13639, 0.86966)
115141#(-0.04, 1.25, 0.20)#(0.36587, -0.08017, 0.04418, 0.92615)
115142#(-0.33, 1.23, 0.54)#(0.35253, -0.22938, 0.13162, 0.89766)
115143#(-0.67, 1.22, 0.73)#(0.29299, -0.52436, 0.27432, 0.75097)
115144#(-0.81, 1.17, 0.81)#(0.31927, -0.60948, 0.33474, 0.64385)
115145#(-0.64, 1.21, 0.67)#(0.33616, -0.44978, 0.24550, 0.79020)
115146#(-0.29, 1.26, 0.55)#(0.33897, -0.39518, 0.16046, 0.83856)
115147#(-0.28, 1.29, 0.47)#(0.29445, -0.40628, 0.17187, 0.84776)
115148#(-0.26, 1.29, 0.51)#(0.31109, -0.38259, 0.13866, 0.85885)
115149#(-0.25, 1.30, 0.49)#(0.28579, -0.35420, 0.14225, 0.87899)
115150#(-0.30, 1.27, 0.48)#(0.31828, -0.37559, 0.15823, 0.85592)
115151#(-0.26, 1.28, 0.48)#(0.32022, -0.31317, 0.11833, 0.88622)
115152#(-0.17, 1.35, 0.19)#(0.21788, 0.00041, 0.02328, 0.97570)
115153#(-0.18, 1.38, 0.09)#(0.18024, -0.21311, 0.05887, 0.95845)
115154#(-0.39, 1.34, 0.10)#(0.18134, -0.42831, 0.15600, 0.87140)
115155#(-0.86, 1.34, 0.00)#(0.05150, -0.71523, 0.08594, 0.69167)
115156#(-1.01, 1.27, 0.04)#(0.06268, -0.71238, 0.09612, 0.69235)
115157#(-1.03, 1.26, 0.00)#(0.06021, -0.70396, 0.12254, 0.69700)
115158#(-0.98, 1.28, 0.00)#(0.08544, -0.74437, 0.09321, 0.65568)
115159#(-1.05, 1.25, 0.08)#(0.09858, -0.71901, 0.13161, 0.67527)
115200#(-1.07, 1.27, 0.06)#(0.08302, -0.71759, 0.11737, 0.68147)
115201#(-1.09, 1.26, 0.05)#(0.09470, -0.71729, 0.12971, 0.67802)
115202#(-1.08, 1.25, 0.02)#(0.10477, -0.73314, 0.14001, 0.65721)
115203#(-1.06, 1.11, 0.02)#(0.13101, -0.70954, 0.19278, 0.66500)
115204#(-1.07, 1.11, 0.03)#(0.10337, -0.69933, 0.15393, 0.69033)
115205#(-1.09, 1.18, 0.05)#(0.05762, -0.66613, 0.07577, 0.73974)
115206#(-1.10, 1.17, 0.05)#(0.07332, -0.66353, 0.12241, 0.73442)
115207#(-1.11, 1.18, 0.02)#(0.06193, -0.68737, 0.13028, 0.71184)
115208#(-1.10, 1.20, 0.04)#(0.04489, -0.70127, 0.08995, 0.70577)
115209#(-1.08, 1.21, 0.04)#(0.05725, -0.68392, 0.07649, 0.72327)
115210#(-1.08, 1.21, 0.03)#(0.05227, -0.70158, 0.10887, 0.70229)
115211#(-1.07, 1.21, 0.04)#(0.05851, -0.68396, 0.12011, 0.71718)
115212#(-1.06, 1.19, 0.03)#(0.08202, -0.68660, 0.13267, 0.71011)
115213#(-1.05, 1.19, 0.03)#(0.07230, -0.68875, 0.13117, 0.70936)
115214#(-1.04, 1.19, 0.01)#(0.06671, -0.69776, 0.13454, 0.70041)
115215#(-0.84, 1.34, -0.05)#(0.08348, -0.71555, 0.10646, 0.68534)
115216#(-0.43, 1.35, -0.03)#(0.09876, -0.66562, 0.07970, 0.73542)
115217#(-0.41, 1.34, -0.06)#(0.07854, -0.67598, 0.10268, 0.72549)
115218#(-0.41, 1.34, -0.08)#(0.08472, -0.65074, 0.12224, 0.74459)
115219#(-0.60, 1.13, -0.42)#(0.25323, -0.69198, 0.31441, 0.59849)
115220#(-0.62, 1.17, -0.43)#(0.24736, -0.70691, 0.29444, 0.59363)
115221#(-0.62, 1.18, -0.45)#(0.23311, -0.73101, 0.28981, 0.57211)
115222#(-0.63, 1.23, -0.40)#(0.21465, -0.69674, 0.21814, 0.64877)
115223#(-0.28, 1.36, -0.02)#(0.18985, -0.18310, 0.05116, 0.96323)
115224#(-0.41, 1.21, -0.33)#(0.30109, -0.62027, 0.21783, 0.69077)
115225#(-0.42, 1.18, -0.50)#(0.27441, -0.67471, 0.27670, 0.62683)
115226#(-0.42, 1.20, -0.40)#(0.29835, -0.59609, 0.22991, 0.70909)
115227#(-0.33, 1.26, -0.02)#(0.27222, -0.36723, 0.10816, 0.88280)
115228#(-0.22, 1.27, 0.09)#(0.26555, -0.13267, 0.01988, 0.95472)
115229#(-0.04, 1.27, 0.11)#(0.24706, 0.22884, -0.07764, 0.93839)
115230#(-0.12, 1.25, 0.32)#(0.28100, 0.24469, -0.08194, 0.92436)
115231#(-0.11, 1.26, 0.46)#(0.30714, 0.30876, -0.10550, 0.89398)
115232#(-0.23, 1.23, 0.26)#(0.31855, 0.32539, -0.10771, 0.88377)
115233#(-0.22, 1.25, 0.15)#(0.26592, 0.36505, -0.13447, 0.88201)
115234#(-0.22, 1.25, 0.12)#(0.26157, 0.37341, -0.13806, 0.87925)
115235#(-0.20, 1.25, 0.14)#(0.26467, 0.36717, -0.13554, 0.88134)
115236#(-0.22, 1.26, 0.16)#(0.26512, 0.34833, -0.12104, 0.89091)
115237#(-0.23, 1.26, 0.17)#(0.27223, 0.30924, -0.12315, 0.90283)
115238#(-0.12, 1.17, 0.65)#(0.52448, 0.21896, -0.15603, 0.80785)
115239#(0.12, 1.05, 0.92)#(0.64748, 0.14176, -0.20213, 0.72098)
115240#(0.13, 1.07, 0.93)#(0.64793, 0.18039, -0.17199, 0.71977)
115241#(0.11, 1.07, 0.94)#(0.64822, 0.18115, -0.16230, 0.72157)
115242#(0.10, 1.09, 0.92)#(0.62975, 0.17845, -0.14940, 0.74112)
115243#(-0.15, 1.19, 0.70)#(0.42847, -0.04360, 0.00441, 0.90249)
115244#(-0.23, 1.27, 0.25)#(0.24545, -0.10062, 0.02332, 0.96389)
115245#(-0.23, 1.32, 0.10)#(0.16264, -0.06406, 0.00890, 0.98456)
115246#(-0.42, 1.33, 0.68)#(0.13547, -0.09570, 0.03624, 0.98548)
115247#(-0.40, 1.26, 0.98)#(0.22789, -0.08379, 0.04355, 0.96910)
115248#(-0.46, 1.28, 0.84)#(0.23500, -0.08213, 0.00532, 0.96851)
115249#(-0.31, 1.27, 0.42)#(0.25369, 0.04641, -0.01520, 0.96605)
115250#(-0.21, 1.30, 0.19)#(0.20816, 0.13010, -0.06219, 0.96741)
115251#(0.00, 1.18, 0.21)#(0.25256, 0.53501, -0.27263, 0.75872)
115252#(0.35, 0.75, 0.25)#(0.38989, 0.46723, -0.24504, 0.75474)
115253#(0.37, 0.91, 0.17)#(0.31367, 0.59563, -0.28326, 0.68308)
115254#(0.29, 0.91, 0.22)#(0.39207, 0.58260, -0.21887, 0.67746)
115255#(0.28, 0.93, 0.23)#(0.34730, 0.63356, -0.22507, 0.65370)
115256#(0.33, 0.94, 0.12)#(-0.27096, -0.70455, 0.28644, -0.59003)
115257#(0.31, 0.94, 0.14)#(-0.27836, -0.64937, 0.35923, -0.60974)
115258#(0.39, 1.18, 0.19)#(0.29157, 0.57930, -0.27408, 0.71013)
115259#(0.52, 1.18, 0.12)#(0.29207, 0.51713, -0.30123, 0.74601)
115300#(0.55, 1.18, 0.10)#(0.28463, 0.53163, -0.31250, 0.73396)
115301#(0.52, 1.18, 0.12)#(0.30466, 0.50693, -0.29964, 0.74861)
115302#(0.52, 1.18, 0.11)#(0.30825, 0.50411, -0.30070, 0.74862)
115303#(0.52, 1.18, 0.11)#(0.30289, 0.50378, -0.30465, 0.74943)
115304#(0.26, 1.23, 0.20)#(0.32556, 0.18207, -0.12579, 0.91926)
115305#(-0.35, 1.25, 0.03)#(0.27129, -0.50286, 0.15429, 0.80605)
115306#(-0.22, 1.30, 0.18)#(0.23804, -0.29027, 0.03606, 0.92617)
115307#(0.23, 1.32, 0.21)#(0.22227, -0.09784, -0.07267, 0.96734)
115308#(0.25, 1.31, 0.21)#(0.23511, -0.10246, -0.06839, 0.96413)
115309#(0.24, 1.31, 0.21)#(0.24581, -0.10510, -0.05115, 0.96225)
115310#(-0.15, 1.30, 0.22)#(0.21722, -0.25118, 0.02922, 0.94280)
115311#(-0.51, 1.32, 0.36)#(0.19621, -0.59274, 0.15235, 0.76613)
115312#(-0.79, 1.22, 0.23)#(0.20293, -0.66319, 0.20645, 0.69020)
115313#(-0.80, 1.24, 0.30)#(0.19304, -0.47675, 0.13921, 0.84621)
115314#(-0.34, 1.25, 0.22)#(0.23796, -0.01457, -0.02027, 0.97095)
115315#(-0.37, 1.29, 0.14)#(0.19061, -0.07174, -0.02056, 0.97883)
115316#(-0.35, 1.29, 0.16)#(0.21408, -0.05903, -0.04136, 0.97415)
115317#(-0.34, 1.30, 0.17)#(0.19238, 0.00774, -0.00746, 0.98126)
115318#(-0.31, 1.30, 0.18)#(0.18579, 0.03014, -0.01431, 0.98202)
115319#(-0.36, 1.29, 0.22)#(0.17645, -0.00205, 0.01059, 0.98425)
115320#(-0.51, 0.91, 0.84)#(0.28041, -0.07492, -0.02432, 0.95664)
115321#(-0.48, 0.93, 0.90)#(0.31874, 0.06498, 0.02623, 0.94525)
115322#(-0.46, 0.96, 0.71)#(0.34377, 0.06532, -0.05838, 0.93496)
115323#(-0.37, 0.98, 0.44)#(0.30384, 0.08783, -0.02999, 0.94819)
115324#(-0.40, 0.97, 0.45)#(0.32783, 0.07034, -0.00828, 0.94208)
115325#(-0.43, 1.22, 0.42)#(0.26064, 0.07435, 0.01895, 0.96238)
115326#(-0.37, 1.29, 0.24)#(0.25550, 0.02642, -0.03903, 0.96566)
115327#(-0.36, 1.30, 0.24)#(0.25429, 0.03955, -0.04144, 0.96543)
115328#(-0.36, 1.29, 0.20)#(0.22160, 0.06617, -0.04556, 0.97182)
115329#(-0.35, 1.32, 0.18)#(0.15002, 0.07751, -0.05052, 0.98434)
115330#(-0.34, 1.32, 0.20)#(0.14403, 0.09204, -0.04184, 0.98440)
115331#(-0.34, 1.32, 0.18)#(0.14719, 0.09206, -0.04197, 0.98392)
115332#(-0.35, 1.31, 0.28)#(0.17130, 0.03840, -0.03900, 0.98370)
115333#(-0.47, 0.99, 0.87)#(0.21497, -0.09446, -0.00016, 0.97204)
115334#(-0.43, 0.90, 0.98)#(0.29444, -0.08116, 0.05177, 0.95081)
115335#(-0.42, 0.92, 0.94)#(0.29189, -0.06146, 0.02415, 0.95417)
115336#(-0.42, 0.92, 0.94)#(0.28576, -0.05209, 0.00688, 0.95686)
115337#(-0.42, 0.92, 0.92)#(0.27795, -0.01550, -0.03011, 0.96000)
115338#(-0.42, 0.98, 0.82)#(0.28928, 0.02823, -0.03539, 0.95617)
115339#(-0.29, 1.27, 0.39)#(0.27932, 0.03211, 0.02701, 0.95928)
115340#(-0.34, 1.29, 0.31)#(0.25470, 0.08913, -0.01285, 0.96282)
115341#(-0.21, 1.28, 0.41)#(0.27083, -0.00038, 0.01711, 0.96247)
115342#(-0.14, 1.33, 0.48)#(0.19408, 0.05830, -0.01077, 0.97919)
115343#(-0.35, 1.32, 0.53)#(0.15925, 0.08185, -0.01916, 0.98365)
115344#(-0.35, 1.33, 0.53)#(0.16728, 0.07892, -0.00545, 0.98273)
115345#(-0.35, 1.33, 0.52)#(0.15226, 0.08616, -0.00580, 0.98456)
115346#(-0.36, 1.33, 0.51)#(0.15638, 0.09354, -0.01094, 0.98320)
115347#(-0.36, 1.33, 0.51)#(0.15271, 0.09274, -0.00128, 0.98391)
115348#(-0.36, 1.33, 0.51)#(0.15137, 0.10630, 0.00209, 0.98274)
115349#(-0.40, 1.33, 0.51)#(0.15276, 0.02536, -0.01000, 0.98789)
115350#(-0.14, 1.31, 0.52)#(0.20254, 0.07187, -0.05270, 0.97521)
115351#(0.15, 1.27, 0.88)#(0.24987, -0.09751, -0.03623, 0.96268)
115352#(0.22, 1.30, 0.86)#(0.22034, -0.01291, -0.06094, 0.97343)
115353#(0.05, 1.22, 0.84)#(0.27663, -0.03223, -0.09701, 0.95552)
115354#(0.05, 1.26, 0.74)#(0.24072, 0.16944, -0.04701, 0.95453)
115355#(0.00, 1.16, 0.13)#(0.25682, 0.55964, -0.27355, 0.73893)
115356#(0.01, 0.73, 0.15)#(0.28085, 0.50034, -0.24581, 0.78125)
115357#(0.14, 0.72, 0.18)#(0.18344, 0.55998, -0.13402, 0.79675)
115358#(0.15, 0.62, 0.18)#(0.13762, 0.61950, -0.15674, 0.75678)
115359#(0.12, 0.58, 0.17)#(0.10151, 0.60440, -0.14887, 0.77604)
115400#(0.10, 0.59, 0.15)#(0.07175, 0.61400, -0.14488, 0.77257)
115401#(0.07, 0.60, 0.13)#(0.09692, 0.65788, -0.12946, 0.73556)
115402#(0.09, 0.61, 0.19)#(0.11364, 0.54234, -0.10098, 0.82629)
115403#(0.08, 0.63, 0.28)#(0.12622, 0.37824, -0.08945, 0.91269)
115404#(0.03, 0.64, 0.41)#(0.17360, 0.19248, -0.02992, 0.96536)
115405#(0.04, 0.62, 0.42)#(0.16310, 0.17821, -0.05039, 0.96907)
115406#(-0.15, 0.86, 0.52)#(0.28661, 0.00767, -0.28339, 0.91514)
115407#(-0.06, 1.20, 0.55)#(0.29332, -0.11357, -0.03639, 0.94855)
115408#(-0.14, 1.23, 0.74)#(0.21605, 0.00209, -0.03455, 0.97577)
115409#(-0.11, 1.27, 0.65)#(0.21539, -0.05040, 0.01409, 0.97513)
115410#(-0.07, 1.34, 0.54)#(0.15687, -0.03849, 0.01222, 0.98679)
115411#(-0.05, 1.28, 0.58)#(0.35009, -0.10353, 0.00610, 0.93096)
115412#(-0.06, 1.29, 0.56)#(0.35923, -0.06814, 0.00033, 0.93076)
115413#(-0.07, 1.28, 0.55)#(0.34084, -0.08706, -0.01103, 0.93601)
115414#(-0.27, 1.25, 0.29)#(0.37777, -0.15483, 0.07491, 0.90979)
115415#(-0.30, 1.25, 0.16)#(0.35113, -0.18753, 0.08093, 0.91378)
115416#(-0.33, 1.26, 0.16)#(0.33050, -0.20515, 0.08317, 0.91748)
115417#(-0.24, 1.27, 0.18)#(0.29693, -0.06719, 0.03849, 0.95175)
115418#(0.19, 1.28, 0.28)#(0.27355, 0.19219, -0.13014, 0.93343)
115419#(0.00, 1.28, 0.47)#(0.24026, 0.38372, -0.13274, 0.88171)
115420#(-0.01, 1.28, 0.47)#(0.25348, 0.44585, -0.11774, 0.85035)
115421#(-0.02, 1.28, 0.48)#(0.25072, 0.42890, -0.10168, 0.86189)
115422#(-0.02, 1.29, 0.48)#(0.24472, 0.44629, -0.09143, 0.85591)
115423#(-0.02, 1.29, 0.48)#(0.24252, 0.45683, -0.09369, 0.85071)
115424#(-0.03, 1.29, 0.46)#(0.23676, 0.47107, -0.10681, 0.84298)
115425#(-0.03, 1.29, 0.47)#(0.24039, 0.46135, -0.09611, 0.84861)
115426#(-0.01, 1.29, 0.46)#(0.23453, 0.45359, -0.10655, 0.85317)
115427#(-0.12, 1.32, 0.54)#(0.25653, 0.05044, 0.00171, 0.96522)
115428#(-0.27, 1.33, 0.56)#(0.22848, -0.02902, 0.01378, 0.97302)
115429#(-0.24, 1.36, 0.30)#(0.21030, -0.04710, 0.03953, 0.97570)
115430#(-0.16, 1.37, 0.26)#(0.17794, 0.07007, -0.02683, 0.98118)
115431#(-0.10, 1.33, 0.31)#(0.16731, 0.25915, -0.08122, 0.94776)
115432#(-0.12, 1.33, 0.35)#(0.18555, -0.11140, 0.00626, 0.97628)
115433#(-0.81, 1.27, 0.05)#(0.21639, -0.64208, 0.09075, 0.72984)
115434#(-1.02, 1.19, 0.08)#(0.24657, -0.77244, 0.23075, 0.53786)
115435#(-1.04, 1.22, 0.14)#(0.16303, -0.74306, 0.16353, 0.62812)
115436#(-1.06, 1.23, 0.15)#(0.13549, -0.74511, 0.12492, 0.64098)
115437#(-1.05, 1.23, 0.16)#(0.14523, -0.72737, 0.13537, 0.65690)
115438#(-1.05, 1.24, 0.16)#(0.14477, -0.72445, 0.12785, 0.66171)
115439#(-0.97, 1.32, 0.15)#(0.14871, -0.67399, 0.09385, 0.71751)
115440#(-0.67, 1.36, 0.05)#(0.17931, -0.32196, 0.07118, 0.92689)
115441#(-0.15, 1.34, -0.08)#(0.20294, 0.14426, -0.07064, 0.96593)
115442#(0.11, 1.32, 0.13)#(0.18972, 0.36361, -0.12252, 0.90376)
115443#(0.57, 1.05, 0.09)#(0.43445, 0.51563, -0.36478, 0.64212)
115444#(0.45, 1.22, 0.15)#(0.38123, 0.48751, -0.27910, 0.73423)
115445#(0.37, 1.29, 0.15)#(0.35310, 0.47772, -0.24146, 0.76733)
115446#(0.39, 1.29, 0.13)#(0.33732, 0.52955, -0.25844, 0.73417)
115447#(0.33, 1.28, 0.14)#(0.38581, 0.45086, -0.21906, 0.77453)
115448#(-0.55, 1.40, -0.05)#(0.13472, -0.54421, 0.10307, 0.82162)
115449#(-1.06, 1.27, 0.10)#(0.10063, -0.71860, 0.06858, 0.68467)
115450#(-1.20, 1.13, 0.10)#(0.08401, -0.67006, 0.08047, 0.73313)
115451#(-1.18, 1.14, 0.10)#(0.04959, -0.63507, 0.08002, 0.76670)
115452#(-1.17, 1.12, 0.08)#(0.05896, -0.61496, 0.11038, 0.77857)
115453#(-1.17, 1.13, 0.08)#(0.04620, -0.59064, 0.10453, 0.79880)
115454#(-1.20, 1.12, 0.09)#(0.04179, -0.58218, 0.11414, 0.80393)
115455#(-1.18, 1.13, 0.10)#(0.04194, -0.61108, 0.08848, 0.78549)
115456#(-0.99, 1.35, 0.12)#(0.08406, -0.66931, 0.14616, 0.72360)
115457#(-0.95, 1.36, 0.11)#(0.11152, -0.69323, 0.11455, 0.70276)
115458#(-0.96, 1.34, 0.12)#(0.12328, -0.70547, 0.13412, 0.68493)
115459#(-1.08, 1.43, 0.24)#(0.06482, -0.61689, 0.03053, 0.78378)
115500#(-1.01, 1.35, 0.17)#(0.14394, -0.58181, 0.00885, 0.80043)
115501#(-0.91, 1.35, 0.19)#(0.11800, -0.58899, 0.01364, 0.79936)
115502#(-0.53, 1.29, 0.00)#(0.14351, -0.45483, 0.02227, 0.87866)
115503#(-0.12, 1.26, 0.02)#(0.19134, -0.24774, 0.00181, 0.94974)
115504#(-0.29, 1.26, -0.02)#(0.15852, -0.41783, 0.07357, 0.89156)
115505#(-0.89, 1.06, -0.18)#(0.29039, -0.82659, 0.26226, 0.40453)
115506#(-0.95, 1.05, -0.17)#(0.30506, -0.83265, 0.25545, 0.38519)
115507#(-0.80, 1.20, -0.22)#(0.17599, -0.91586, 0.23222, 0.27623)
115508#(-0.48, 1.22, -0.43)#(0.00737, -0.92652, 0.27565, 0.25597)
115509#(-0.69, 0.85, -0.74)#(0.13188, -0.80848, 0.40879, 0.40231)
115510#(-0.73, 0.90, -0.72)#(0.13619, -0.78997, 0.38433, 0.45792)
115511#(-0.60, 1.12, -0.67)#(0.02344, -0.91409, 0.39345, 0.09533)
115512#(-0.35, 1.26, -0.11)#(-0.18590, -0.70097, 0.19736, -0.65964)
115513#(-0.26, 1.30, 0.08)#(0.16552, 0.42992, -0.10166, 0.88173)
115514#(0.07, 1.33, 0.40)#(0.18215, 0.32114, -0.04240, 0.92838)
115515#(0.08, 1.33, 0.45)#(0.17567, 0.34707, -0.06276, 0.91910)
115516#(-0.04, 1.32, 0.42)#(0.11209, 0.45766, -0.03559, 0.88131)
115517#(-0.03, 1.34, 0.33)#(0.06419, 0.65659, -0.03841, 0.75053)
115518#(-0.08, 1.32, 0.31)#(0.12759, 0.71859, -0.07929, 0.67901)
115519#(-0.22, 1.35, 0.05)#(-0.12391, -0.81214, 0.09614, -0.56199)
115520#(-0.32, 1.33, 0.18)#(0.14041, 0.62608, -0.06831, 0.76397)
115521#(-0.35, 1.32, 0.21)#(0.16949, 0.62714, -0.05778, 0.75804)
115522#(-0.12, 1.31, 0.24)#(-0.14492, -0.72589, 0.13033, -0.65962)
115523#(0.51, 1.17, -0.03)#(-0.21872, -0.64173, 0.33817, -0.65268)
115524#(0.58, 1.15, -0.06)#(-0.23535, -0.64972, 0.38017, -0.61477)
115525#(0.56, 1.17, -0.08)#(-0.22347, -0.65204, 0.37243, -0.62145)
115526#(0.55, 1.19, -0.08)#(-0.21674, -0.65205, 0.35383, -0.63456)
115527#(0.54, 1.19, -0.09)#(-0.21776, -0.65225, 0.35101, -0.63557)
115528#(0.54, 1.19, -0.08)#(-0.24041, -0.64971, 0.35381, -0.62841)
115529#(0.55, 1.18, -0.10)#(-0.23496, -0.66477, 0.36575, -0.60754)
115530#(0.55, 1.19, -0.09)#(-0.23709, -0.65498, 0.35533, -0.62332)
115531#(0.55, 1.19, -0.07)#(-0.25104, -0.63158, 0.33982, -0.65009)
115532#(0.54, 1.19, -0.08)#(-0.25838, -0.63118, 0.33267, -0.65129)
115533#(0.54, 1.19, -0.07)#(-0.25932, -0.63039, 0.33552, -0.65022)
115534#(0.48, 1.20, -0.05)#(0.26281, 0.60534, -0.29432, 0.69128)
115535#(0.42, 1.23, -0.04)#(0.25954, 0.53776, -0.26242, 0.75802)
115536#(0.48, 1.19, -0.05)#(0.28609, 0.55720, -0.32082, 0.71046)
115537#(0.48, 1.19, -0.05)#(0.27533, 0.57023, -0.31369, 0.70755)
115538#(0.47, 1.20, -0.04)#(0.26561, 0.55774, -0.29499, 0.72895)
115539#(0.17, 1.15, 0.24)#(0.30160, 0.46209, -0.22151, 0.80402)
115540#(0.09, 1.14, 0.30)#(0.23377, 0.50565, -0.15945, 0.81501)
115541#(0.06, 1.16, 0.30)#(0.20417, 0.52150, -0.11372, 0.82063)
115542#(0.02, 1.18, 0.28)#(0.20566, 0.55056, -0.10783, 0.80185)
115543#(0.03, 1.18, 0.27)#(0.21549, 0.57178, -0.11377, 0.78338)
115544#(0.02, 1.19, 0.27)#(0.20523, 0.57354, -0.11793, 0.78423)
115545#(0.02, 1.24, 0.27)#(0.21171, 0.58449, -0.09895, 0.77702)
115546#(-0.11, 1.32, 0.30)#(0.14307, 0.09541, -0.02824, 0.98470)
115547#(-0.77, 1.27, 0.03)#(0.19819, -0.59212, 0.11443, 0.77267)
115548#(-1.01, 1.16, 0.10)#(0.26398, -0.74207, 0.18028, 0.58920)
115549#(-1.08, 1.15, 0.14)#(0.22811, -0.74335, 0.20158, 0.59562)
115550#(-1.09, 1.17, 0.15)#(0.21380, -0.72344, 0.20054, 0.62507)
115551#(-0.71, 1.27, -0.02)#(0.09315, -0.97501, 0.14945, 0.13546)
115552#(-0.17, 1.28, 0.06)#(-0.14386, -0.85042, 0.10745, -0.49452)
115553#(-0.17, 1.30, 0.02)#(-0.14364, -0.85575, 0.11185, -0.48430)
115554#(0.14, 1.05, 0.23)#(0.18109, 0.66090, -0.20404, 0.69913)
115555#(0.32, 0.91, 0.33)#(0.14886, 0.64733, -0.20029, 0.72020)
115556#(-0.03, 1.15, 0.10)#(-0.01328, -0.90778, 0.12692, -0.39957)
115557#(-1.07, 1.20, 0.03)#(0.17279, -0.89039, 0.16783, 0.38623)
115558#(-1.18, 1.18, 0.05)#(0.14768, -0.86044, 0.19514, 0.44693)
115559#(-1.15, 1.17, 0.08)#(0.16022, -0.85093, 0.22011, 0.44923)
115600#(-1.13, 1.18, 0.09)#(0.15449, -0.85282, 0.20003, 0.45697)
115601#(-1.12, 1.17, 0.08)#(0.15850, -0.85135, 0.21390, 0.45203)
115602#(-1.10, 1.16, 0.07)#(0.16129, -0.85246, 0.22386, 0.44405)
115603#(-0.34, 1.26, 0.00)#(-0.03301, -0.92213, 0.18626, -0.33748)
115604#(0.12, 1.02, 0.23)#(0.21402, 0.61765, -0.21266, 0.72628)
115605#(0.20, 0.96, 0.32)#(0.18225, 0.60752, -0.17007, 0.75417)
115606#(0.20, 1.00, 0.34)#(0.19350, 0.59847, -0.09655, 0.77140)
115607#(0.15, 1.01, 0.30)#(0.19521, 0.60353, -0.08601, 0.76827)
115608#(0.14, 1.00, 0.25)#(0.18265, 0.65628, -0.12090, 0.72202)
115609#(0.13, 1.01, 0.28)#(0.16990, 0.62161, -0.10439, 0.75752)
115610#(0.11, 1.01, 0.28)#(0.18283, 0.61407, -0.10104, 0.76111)
115611#(0.14, 0.98, 0.28)#(0.18853, 0.62705, -0.14259, 0.74225)
115612#(0.14, 1.00, 0.37)#(0.17642, 0.58960, -0.12071, 0.77890)
115613#(0.05, 1.22, 0.30)#(-0.04985, -0.82456, 0.10336, -0.55402)
115614#(-0.60, 1.28, 0.14)#(0.08230, -0.95766, 0.19031, 0.19976)
115615#(-1.17, 1.29, 0.17)#(-0.02094, -0.62301, 0.02272, 0.78161)
115616#(-1.24, 1.30, 0.22)#(0.02157, -0.67472, 0.00905, 0.73771)
115617#(-1.19, 1.26, 0.21)#(0.02928, -0.69284, 0.00400, 0.72048)
115618#(-1.04, 1.45, 0.19)#(0.01200, -0.72364, 0.01251, 0.68996)
115619#(-0.96, 1.49, 0.19)#(0.00064, -0.72639, 0.00189, 0.68728)
115620#(-0.99, 1.44, 0.15)#(-0.01096, -0.71917, -0.00225, 0.69475)
115621#(-0.97, 1.40, 0.11)#(0.02347, -0.73105, 0.05172, 0.67996)
115622#(-0.95, 1.42, 0.12)#(0.02420, -0.70812, 0.06640, 0.70255)
115623#(-0.93, 1.37, 0.04)#(0.08883, -0.80415, 0.11923, 0.57553)
115624#(-0.63, 1.33, -0.03)#(0.06189, -0.96114, 0.25005, 0.09924)