023909#(0.36, 1.53, -0.20)#(-0.07339, -0.95937, 0.22659, -0.15124)
023910#(0.72, 1.24, 0.14)#(-0.41477, -0.63221, 0.35016, -0.55287)
023911#(0.72, 1.15, 0.07)#(-0.38618, -0.68773, 0.38688, -0.47772)
023912#(0.77, 1.08, 0.04)#(-0.36317, -0.70389, 0.42136, -0.44170)
023913#(0.75, 1.06, 0.05)#(-0.38626, -0.69201, 0.43196, -0.43051)
023914#(0.70, 0.95, 0.05)#(-0.28889, -0.75248, 0.21363, -0.55197)
023915#(0.68, 0.82, -0.01)#(-0.20353, -0.83165, 0.25776, -0.44776)
023916#(0.42, 0.97, -0.14)#(0.00667, -0.99635, 0.04983, -0.06896)
023917#(0.75, 0.97, 0.07)#(-0.24453, -0.82053, 0.04647, -0.51456)
023918#(0.74, 1.03, 0.03)#(-0.34068, -0.78841, 0.23856, -0.45325)
023919#(0.66, 1.40, 0.15)#(-0.33963, -0.66459, 0.29802, -0.59511)
023920#(0.38, 1.51, 0.25)#(0.33382, 0.27058, -0.12860, 0.89376)
023921#(0.17, 1.56, 0.28)#(0.25129, 0.13586, -0.05233, 0.95690)
023922#(0.20, 1.55, 0.28)#(0.27293, 0.20518, -0.05635, 0.93821)
023923#(0.19, 1.52, 0.31)#(0.33311, 0.17873, -0.06939, 0.92319)
023924#(0.16, 1.50, 0.32)#(0.35801, 0.13151, -0.06362, 0.92222)
023925#(0.15, 1.50, 0.32)#(0.34565, 0.12850, -0.06973, 0.92690)
023926#(0.14, 1.50, 0.34)#(0.33750, 0.13768, -0.06236, 0.92911)
023927#(0.25, 1.48, 0.36)#(0.37711, 0.12221, -0.06938, 0.91545)
023928#(0.28, 1.46, 0.38)#(0.41137, 0.00424, 0.01178, 0.91138)
023929#(0.12, 1.46, 0.40)#(0.41673, -0.10740, 0.07089, 0.89988)
023930#(0.06, 1.47, 0.40)#(0.39606, -0.03924, 0.02031, 0.91716)
023931#(0.13, 1.44, 0.52)#(0.40805, -0.06674, -0.07039, 0.90779)
023932#(0.33, 1.41, 0.68)#(0.43554, -0.06998, -0.01856, 0.89725)
023933#(0.23, 1.43, 0.66)#(0.42373, -0.18567, 0.01653, 0.88640)
023934#(0.14, 1.48, 0.45)#(0.41002, -0.04561, 0.01484, 0.91081)
023935#(0.12, 1.46, 0.55)#(0.41695, -0.05583, 0.06492, 0.90489)
023936#(-0.06, 1.44, 0.63)#(0.45069, 0.14246, -0.00228, 0.88124)
023937#(-0.08, 1.44, 0.64)#(0.44359, 0.16942, -0.00099, 0.88007)
023938#(-0.10, 1.43, 0.64)#(0.47634, -0.01171, -0.05571, 0.87742)
023939#(-0.13, 1.42, 0.65)#(0.48362, -0.00234, -0.01023, 0.87521)
023940#(-0.14, 1.45, 0.60)#(0.43201, 0.01980, 0.01947, 0.90144)
023941#(-0.17, 1.45, 0.60)#(0.45127, 0.03167, 0.07706, 0.88849)
023942#(-0.18, 1.45, 0.59)#(0.44273, 0.00847, 0.08342, 0.89272)
023943#(-0.13, 1.43, 0.60)#(0.46860, 0.05597, 0.05151, 0.88013)
023944#(-0.14, 1.43, 0.61)#(0.46560, 0.06202, 0.05001, 0.88140)
023945#(-0.19, 1.42, 0.65)#(0.47934, 0.02343, 0.08516, 0.87318)
023946#(-0.20, 1.42, 0.64)#(0.47589, 0.01234, 0.09480, 0.87429)
023947#(-0.21, 1.43, 0.63)#(0.46343, -0.00174, 0.09675, 0.88083)
023948#(-0.20, 1.43, 0.64)#(0.46083, 0.00522, 0.09579, 0.88229)
023949#(-0.14, 1.42, 0.64)#(0.46334, 0.05677, 0.06165, 0.88221)
023950#(-0.11, 1.42, 0.65)#(0.46872, 0.07127, 0.04195, 0.87947)
023951#(-0.13, 1.38, 0.67)#(0.51008, 0.06080, 0.02854, 0.85750)
023952#(-0.14, 1.38, 0.66)#(0.50991, 0.04490, 0.02715, 0.85863)
023953#(-0.16, 1.39, 0.65)#(0.50502, 0.01747, 0.03842, 0.86207)
023954#(-0.20, 1.47, 0.59)#(0.40402, -0.18769, 0.07040, 0.89251)
023955#(-0.14, 1.51, 0.56)#(0.30943, -0.26579, 0.07411, 0.91001)
023956#(-0.11, 1.51, 0.59)#(0.29406, -0.21464, 0.06055, 0.92940)
023957#(-0.14, 1.50, 0.58)#(0.31233, -0.21732, 0.07487, 0.92175)
023958#(-0.22, 1.48, 0.58)#(0.33001, -0.25579, 0.12017, 0.90068)
023959#(-0.20, 1.48, 0.57)#(0.32389, -0.13746, 0.11797, 0.92859)
024000#(-0.20, 1.48, 0.58)#(0.33453, -0.07120, 0.07474, 0.93671)
024001#(-0.22, 1.48, 0.58)#(0.32911, -0.12205, 0.07206, 0.93359)
024002#(-0.25, 1.47, 0.61)#(0.32146, -0.09871, 0.11276, 0.93499)
024003#(-0.22, 1.46, 0.59)#(0.32376, -0.07133, 0.11012, 0.93700)
024004#(-0.21, 1.47, 0.58)#(0.31746, -0.12737, 0.08365, 0.93595)
024005#(-0.22, 1.47, 0.59)#(0.30164, -0.12995, 0.08447, 0.94074)
024006#(-0.14, 1.48, 0.61)#(0.31164, -0.11284, 0.07218, 0.94071)
024007#(-0.05, 1.47, 0.60)#(0.31634, -0.26444, 0.06087, 0.90901)
024008#(-0.01, 1.46, 0.60)#(0.34825, -0.21470, 0.03805, 0.91169)
024009#(-0.03, 1.46, 0.57)#(0.35463, -0.19177, 0.05612, 0.91341)
024010#(-0.02, 1.46, 0.59)#(0.35024, -0.18228, 0.02948, 0.91828)
024011#(0.07, 1.47, 0.57)#(0.31177, -0.21780, 0.00470, 0.92485)
024012#(0.00, 1.49, 0.58)#(0.29939, -0.20230, 0.03003, 0.93195)
024013#(-0.17, 1.51, 0.63)#(0.28519, -0.14844, 0.02553, 0.94656)
024014#(-0.22, 1.58, 0.59)#(0.18787, -0.17949, 0.03830, 0.96489)
024015#(-0.21, 1.57, 0.57)#(0.18873, -0.17614, 0.03645, 0.96542)
024016#(-0.22, 1.55, 0.57)#(0.24073, -0.16417, 0.04282, 0.95565)
024017#(-0.20, 1.53, 0.57)#(0.26732, -0.13040, 0.04110, 0.95386)
024018#(-0.20, 1.52, 0.59)#(0.28125, -0.14087, 0.04911, 0.94797)
024019#(-0.18, 1.52, 0.58)#(0.29614, -0.14207, 0.04855, 0.94327)
024020#(-0.21, 1.52, 0.57)#(0.28963, -0.14517, 0.05096, 0.94469)
024021#(-0.18, 1.52, 0.57)#(0.29821, -0.11686, 0.03236, 0.94677)
024022#(-0.15, 1.51, 0.61)#(0.31328, -0.09033, 0.01523, 0.94523)
024023#(0.04, 1.49, 0.57)#(0.33294, -0.21725, 0.02851, 0.91714)
024024#(-0.09, 1.49, 0.33)#(0.34501, -0.45515, 0.12199, 0.81174)
024025#(-0.09, 1.49, 0.16)#(0.31683, -0.55071, 0.19307, 0.74770)
024026#(-0.13, 1.49, 0.21)#(0.30075, -0.50077, 0.20864, 0.78438)
024027#(-0.35, 1.48, 0.35)#(0.29545, -0.52680, 0.20564, 0.77000)
024028#(-0.45, 1.46, 0.32)#(0.32562, -0.48513, 0.20329, 0.78568)
024029#(-0.42, 1.47, 0.31)#(0.30044, -0.47309, 0.20380, 0.80274)
024030#(-0.34, 1.53, 0.32)#(0.22725, -0.40542, 0.14765, 0.87304)
024031#(-0.11, 1.59, 0.43)#(0.18398, -0.16323, -0.01940, 0.96909)
024032#(-0.09, 1.57, 0.50)#(0.19224, -0.22614, -0.00386, 0.95493)
024033#(-0.07, 1.56, 0.55)#(0.19264, -0.26793, -0.02593, 0.94363)
024034#(-0.12, 1.56, 0.51)#(0.22552, -0.32548, 0.01622, 0.91812)
024035#(-0.29, 1.52, 0.37)#(0.30117, -0.51187, 0.15777, 0.78892)
024036#(-0.31, 1.53, 0.28)#(0.23982, -0.49229, 0.17375, 0.81850)
024037#(-0.38, 1.47, 0.23)#(0.32623, -0.46513, 0.19643, 0.79916)
024038#(-0.37, 1.43, 0.32)#(0.51191, -0.26973, 0.14716, 0.80220)
024039#(-0.34, 1.44, 0.34)#(0.48329, -0.23594, 0.12949, 0.83306)
024040#(-0.35, 1.49, 0.30)#(0.34767, -0.30920, 0.14712, 0.87286)
024041#(-0.43, 1.47, 0.18)#(0.33863, -0.50353, 0.21115, 0.76629)
024042#(-0.47, 1.42, 0.22)#(0.39782, -0.50690, 0.26484, 0.71739)
024043#(-0.44, 1.43, 0.24)#(0.39777, -0.52638, 0.25673, 0.70625)
024044#(-0.38, 1.44, 0.26)#(0.37064, -0.56341, 0.28053, 0.68301)
024045#(-0.39, 1.45, 0.21)#(0.35220, -0.59095, 0.28333, 0.66817)
024046#(-0.39, 1.45, 0.19)#(0.35842, -0.56939, 0.27332, 0.68747)
024047#(-0.41, 1.45, 0.20)#(0.38090, -0.53738, 0.26243, 0.70518)
024048#(-0.43, 1.47, 0.15)#(0.36707, -0.49698, 0.22090, 0.75464)
024049#(-0.46, 1.47, 0.14)#(0.36428, -0.49548, 0.22892, 0.75459)
024050#(-0.45, 1.45, 0.26)#(0.41248, -0.42473, 0.24202, 0.76869)
024051#(-0.48, 1.45, 0.25)#(0.37211, -0.52997, 0.29673, 0.70186)
024052#(-0.46, 1.46, 0.26)#(0.37478, -0.52658, 0.27516, 0.71172)
024053#(-0.44, 1.47, 0.24)#(0.37516, -0.53317, 0.24003, 0.71928)
024054#(-0.45, 1.49, 0.26)#(0.35090, -0.55242, 0.22769, 0.72101)
024055#(-0.44, 1.49, 0.25)#(0.30414, -0.64092, 0.24553, 0.66063)
024056#(-0.45, 1.48, -0.06)#(0.26454, -0.67159, 0.28738, 0.62960)
024057#(-0.48, 1.45, -0.13)#(0.26038, -0.61861, 0.34507, 0.65609)
024058#(-0.45, 1.43, -0.11)#(0.26667, -0.63525, 0.37119, 0.62255)
024059#(-0.38, 1.44, -0.14)#(0.29527, -0.55276, 0.33663, 0.70282)
024100#(-0.35, 1.38, -0.56)#(0.42418, -0.65018, 0.37054, 0.50993)
024101#(-0.44, 1.37, -0.65)#(0.39641, -0.59463, 0.38356, 0.58494)
024102#(-0.40, 1.40, -0.61)#(0.38740, -0.52679, 0.29919, 0.69491)
024103#(-0.41, 1.40, -0.68)#(0.37031, -0.47514, 0.31280, 0.73435)
024104#(-0.41, 1.40, -0.70)#(0.35797, -0.49184, 0.32175, 0.72555)
024105#(-0.42, 1.41, -0.68)#(0.35900, -0.48121, 0.31088, 0.73682)
024106#(-0.44, 1.41, -0.68)#(0.35922, -0.47941, 0.30838, 0.73894)
024107#(-0.36, 1.43, -0.68)#(0.39919, -0.46773, 0.26380, 0.74316)
024108#(-0.34, 1.43, -0.68)#(0.39027, -0.44867, 0.25906, 0.76110)
024109#(-0.34, 1.43, -0.67)#(0.39468, -0.43982, 0.24702, 0.76797)
024110#(-0.19, 1.55, -0.52)#(0.23023, -0.18644, 0.06358, 0.95299)
024111#(-0.08, 1.57, -0.48)#(0.23995, -0.02529, -0.00241, 0.97045)
024112#(-0.09, 1.52, -0.12)#(0.28693, -0.09676, 0.00966, 0.95300)
024113#(-0.18, 1.50, 0.33)#(0.31446, 0.01970, 0.00199, 0.94906)
024114#(-0.14, 1.49, 0.54)#(0.35608, 0.10915, -0.04053, 0.92717)
024115#(-0.24, 1.47, 0.55)#(0.42600, -0.03093, 0.05696, 0.90240)
024116#(-0.24, 1.45, 0.58)#(0.44655, -0.01173, 0.08635, 0.89051)
024117#(-0.24, 1.46, 0.58)#(0.43882, -0.00169, 0.08434, 0.89461)
024118#(-0.24, 1.46, 0.57)#(0.43022, 0.00476, 0.08126, 0.89905)
024119#(-0.23, 1.47, 0.55)#(0.42177, -0.01128, 0.06647, 0.90419)
024120#(-0.23, 1.47, 0.56)#(0.42625, -0.01762, 0.06397, 0.90217)
024121#(-0.21, 1.47, 0.57)#(0.42849, -0.01973, 0.06443, 0.90103)
024122#(-0.22, 1.47, 0.57)#(0.42674, -0.03089, 0.06245, 0.90168)
024123#(-0.23, 1.47, 0.57)#(0.42544, -0.03551, 0.07218, 0.90140)
024124#(-0.29, 1.48, 0.55)#(0.40534, -0.02595, 0.13298, 0.90407)
024125#(-0.28, 1.47, 0.55)#(0.41999, 0.01588, 0.11453, 0.90013)
024126#(-0.30, 1.45, 0.59)#(0.42695, -0.06879, 0.13738, 0.89113)
024127#(-0.25, 1.43, 0.62)#(0.45051, -0.03925, 0.10658, 0.88552)
024128#(-0.25, 1.41, 0.67)#(0.47306, -0.02621, 0.10290, 0.87461)
024129#(-0.19, 1.42, 0.68)#(0.47800, 0.02022, 0.05149, 0.87662)
024130#(-0.17, 1.42, 0.68)#(0.47446, 0.03528, 0.02864, 0.87910)
024131#(-0.18, 1.42, 0.68)#(0.47459, -0.01153, 0.03390, 0.87948)
024132#(-0.17, 1.45, 0.63)#(0.44869, -0.02984, 0.04574, 0.89202)
024133#(-0.18, 1.46, 0.61)#(0.43600, -0.02990, 0.03801, 0.89865)
024134#(-0.19, 1.47, 0.60)#(0.43012, -0.01933, 0.03819, 0.90176)
024135#(-0.38, 1.46, 0.62)#(0.42055, -0.08514, 0.20545, 0.87959)
024136#(-0.45, 1.45, 0.62)#(0.40911, -0.16847, 0.25600, 0.85948)
024137#(-0.31, 1.46, 0.53)#(0.37963, -0.34311, 0.17803, 0.84051)
024138#(-0.32, 1.46, 0.37)#(0.37762, -0.52798, 0.22030, 0.72809)
024139#(-0.24, 1.46, 0.14)#(0.34354, -0.62294, 0.29030, 0.64004)
024140#(-0.25, 1.47, 0.22)#(0.23479, -0.72768, 0.34199, 0.54626)
024141#(-0.22, 1.49, 0.28)#(0.25253, -0.56469, 0.21560, 0.75556)
024142#(-0.12, 1.55, 0.30)#(0.19119, -0.28991, 0.05749, 0.93600)
024143#(-0.30, 1.53, 0.14)#(0.15884, -0.73528, 0.20605, 0.62583)
024144#(-0.11, 1.52, -0.11)#(-0.03781, -0.94889, 0.28133, -0.13793)
024145#(0.22, 1.52, 0.14)#(0.20123, 0.63476, -0.21379, 0.71476)
024146#(0.23, 1.45, 0.24)#(0.34784, 0.41736, -0.23906, 0.80478)
024147#(0.05, 1.43, 0.30)#(0.38497, 0.08308, -0.15910, 0.90531)
024148#(-0.08, 1.44, 0.38)#(0.35471, -0.28286, 0.04649, 0.88995)
024149#(-0.05, 1.41, 0.47)#(0.42176, -0.33056, 0.08087, 0.84042)
024150#(-0.08, 1.39, 0.34)#(0.46449, -0.35657, 0.09868, 0.80459)
024151#(-0.12, 1.43, 0.23)#(0.41860, -0.23237, 0.10872, 0.87118)
024152#(-0.25, 1.44, 0.21)#(0.38818, -0.25551, 0.14023, 0.87428)
024153#(-0.13, 1.43, 0.20)#(0.39291, -0.24042, 0.12285, 0.87905)
024154#(-0.25, 1.42, 0.17)#(0.41825, -0.36355, 0.14314, 0.82001)
024155#(-0.41, 1.40, 0.07)#(0.41818, -0.38398, 0.18110, 0.80305)
024156#(-0.37, 1.41, 0.06)#(0.40448, -0.33856, 0.16800, 0.83280)
024157#(-0.38, 1.41, -0.01)#(0.37968, -0.42842, 0.22253, 0.78917)
024158#(-0.15, 1.43, -0.13)#(0.37334, -0.48990, 0.19118, 0.76424)
024159#(-0.23, 1.42, -0.41)#(0.38394, -0.52863, 0.22371, 0.72325)
024200#(-0.21, 1.41, -0.44)#(0.38017, -0.49050, 0.21175, 0.75502)
024201#(-0.20, 1.43, -0.43)#(0.36521, -0.48138, 0.19440, 0.77273)
024202#(-0.17, 1.43, -0.42)#(0.36008, -0.45132, 0.16865, 0.79888)
024203#(-0.14, 1.45, -0.36)#(0.35176, -0.42725, 0.12517, 0.82344)
024204#(-0.01, 1.46, -0.14)#(0.33312, -0.32372, 0.07038, 0.88277)
024205#(0.08, 1.48, -0.08)#(0.33760, -0.00584, -0.04421, 0.94023)
024206#(0.13, 1.49, -0.19)#(0.28344, 0.28606, -0.11342, 0.90828)
024207#(0.38, 1.45, -0.52)#(0.25889, 0.54621, -0.27353, 0.74821)
024208#(0.44, 1.38, -0.76)#(-0.19346, -0.77975, 0.45222, -0.38738)
024209#(0.46, 1.38, -0.83)#(-0.21368, -0.78349, 0.44539, -0.37697)
024210#(0.41, 1.40, -0.91)#(-0.27306, -0.70782, 0.36966, -0.53646)
024211#(0.38, 1.41, -0.89)#(-0.25987, -0.71161, 0.35185, -0.54980)
024212#(0.44, 1.36, -0.83)#(-0.30127, -0.58540, 0.46922, -0.58854)
024213#(0.42, 1.38, -0.84)#(-0.28799, -0.63906, 0.44012, -0.56122)
024214#(0.40, 1.52, -0.76)#(-0.16483, -0.72331, 0.14258, -0.65523)
024215#(0.35, 1.52, -0.43)#(0.25620, 0.29433, -0.10688, 0.91450)
024216#(0.10, 1.52, -0.43)#(0.29113, -0.38269, 0.04125, 0.87584)
024217#(0.35, 1.46, -0.56)#(0.30542, 0.36865, -0.18970, 0.85722)
024218#(0.44, 1.37, -0.70)#(0.37767, 0.48056, -0.35575, 0.70701)
024219#(0.57, 1.34, -0.74)#(0.34022, 0.52798, -0.44274, 0.63990)
024220#(0.55, 1.33, -0.78)#(-0.28944, -0.59132, 0.50216, -0.56071)
024221#(0.53, 1.33, -0.78)#(-0.33020, -0.57929, 0.49176, -0.55997)
024222#(0.51, 1.35, -0.75)#(-0.32521, -0.57831, 0.46432, -0.58669)
024223#(0.50, 1.41, -0.73)#(-0.31542, -0.58754, 0.37696, -0.64281)
024224#(0.49, 1.46, -0.83)#(-0.26345, -0.63822, 0.37214, -0.62031)
024225#(0.45, 1.48, -0.71)#(-0.24405, -0.68055, 0.34280, -0.59982)
024226#(0.40, 1.47, -0.63)#(0.29409, 0.61622, -0.31898, 0.65729)
024227#(0.48, 1.41, -0.42)#(-0.29142, -0.60126, 0.43459, -0.60390)
024228#(0.48, 1.42, -0.42)#(-0.30361, -0.59497, 0.42296, -0.61233)
024229#(0.47, 1.43, -0.43)#(-0.30365, -0.59572, 0.41112, -0.61960)
024230#(0.47, 1.43, -0.43)#(-0.30774, -0.59500, 0.41153, -0.61799)
024231#(0.48, 1.42, -0.37)#(0.34854, 0.53952, -0.39192, 0.65867)
024232#(0.52, 1.43, -0.35)#(-0.31951, -0.59215, 0.38219, -0.63341)
024233#(0.41, 1.54, -0.15)#(0.28337, 0.22872, -0.08468, 0.92748)
024234#(0.12, 1.56, -0.23)#(0.23109, -0.33971, 0.05301, 0.91016)
024235#(0.00, 1.54, -0.55)#(0.16824, -0.84024, 0.19620, 0.47666)
024236#(-0.05, 1.54, -0.56)#(0.10986, -0.89573, 0.22453, 0.36766)
024237#(0.34, 1.50, -0.77)#(-0.02784, -0.92190, 0.30415, -0.23835)
024238#(0.28, 1.49, -0.77)#(-0.09069, -0.88418, 0.28990, -0.35491)
024239#(0.38, 1.43, -0.70)#(-0.15403, -0.85277, 0.34234, -0.36312)
024240#(0.34, 1.35, -0.83)#(-0.20604, -0.86443, 0.39120, -0.23932)
024241#(0.41, 1.41, -0.71)#(-0.19034, -0.80248, 0.36138, -0.43498)
024242#(0.46, 1.41, -0.54)#(-0.24542, -0.66307, 0.38941, -0.59032)
024243#(0.46, 1.42, -0.49)#(-0.29694, -0.62197, 0.34333, -0.63805)
024244#(0.46, 1.40, -0.51)#(-0.29229, -0.63417, 0.37822, -0.60774)
024245#(0.43, 1.42, -0.51)#(-0.29417, -0.64683, 0.32297, -0.62511)
024246#(0.49, 1.44, -0.37)#(0.31896, 0.57571, -0.28188, 0.69812)
024247#(0.54, 1.42, -0.28)#(0.33669, 0.58800, -0.27418, 0.68244)
024248#(0.56, 1.41, -0.23)#(0.35360, 0.58360, -0.27471, 0.67743)
024249#(0.57, 1.44, -0.25)#(0.31613, 0.60000, -0.25756, 0.68828)
024250#(0.54, 1.44, -0.31)#(-0.29481, -0.64710, 0.30899, -0.63157)
024251#(0.42, 1.37, -0.59)#(-0.30132, -0.66259, 0.41348, -0.54701)
024252#(0.34, 1.40, -0.62)#(-0.30245, -0.62923, 0.35793, -0.62007)
024253#(0.35, 1.40, -0.61)#(-0.29884, -0.63406, 0.35492, -0.61862)
024254#(0.36, 1.40, -0.60)#(-0.30836, -0.62915, 0.35372, -0.61966)
024255#(0.35, 1.40, -0.59)#(-0.31057, -0.62481, 0.34197, -0.62945)
024256#(0.39, 1.41, -0.51)#(0.32608, 0.60477, -0.32301, 0.65084)
024257#(0.52, 1.47, -0.28)#(0.27880, 0.61961, -0.25751, 0.68706)
024258#(0.52, 1.46, -0.21)#(0.30478, 0.55150, -0.21474, 0.74622)
024259#(0.53, 1.45, -0.23)#(0.29776, 0.52395, -0.21818, 0.76760)
024300#(0.55, 1.45, -0.24)#(0.31196, 0.52358, -0.20152, 0.76677)
024301#(0.51, 1.46, -0.19)#(0.31030, 0.53175, -0.18250, 0.76659)
024302#(0.49, 1.45, -0.13)#(0.34714, 0.42704, -0.14020, 0.82309)
024303#(0.40, 1.43, -0.25)#(0.40574, 0.17878, -0.03871, 0.89550)
024304#(0.17, 1.44, 0.15)#(0.40476, 0.08373, -0.09125, 0.90600)
024305#(0.14, 1.41, 0.53)#(0.44139, 0.08552, -0.07934, 0.88970)
024306#(0.13, 1.41, 0.61)#(0.43458, 0.27488, -0.12028, 0.84918)
024307#(0.12, 1.36, 0.67)#(0.46328, 0.31723, -0.11271, 0.81977)
024308#(0.11, 1.36, 0.68)#(0.46094, 0.30604, -0.09631, 0.82741)
024309#(0.10, 1.36, 0.69)#(0.46351, 0.29342, -0.08419, 0.83185)
024310#(0.09, 1.36, 0.69)#(0.46017, 0.29420, -0.08214, 0.83364)
024311#(0.09, 1.36, 0.69)#(0.45537, 0.29605, -0.08130, 0.83569)
024312#(0.10, 1.36, 0.71)#(0.45314, 0.28999, -0.08430, 0.83873)
024313#(0.09, 1.38, 0.68)#(0.44181, 0.27405, -0.07355, 0.85105)
024314#(0.09, 1.43, 0.58)#(0.38154, 0.33212, -0.11014, 0.85557)
024315#(0.18, 1.48, 0.14)#(-0.17349, -0.68358, 0.22849, -0.67113)
024316#(0.29, 1.47, -0.16)#(-0.14178, -0.77890, 0.24797, -0.55832)
024317#(0.59, 1.45, -0.20)#(-0.23730, -0.62908, 0.30304, -0.67536)
024318#(0.65, 1.38, -0.33)#(-0.29651, -0.51251, 0.48372, -0.64454)
024319#(0.64, 1.37, -0.17)#(-0.26848, -0.52804, 0.48848, -0.64068)
024320#(0.66, 1.39, -0.26)#(0.34935, 0.50013, -0.41712, 0.67367)
024321#(0.65, 1.40, -0.16)#(0.33223, 0.49496, -0.41867, 0.68510)
024322#(0.64, 1.41, -0.21)#(0.30505, 0.51606, -0.41820, 0.68245)
024323#(0.66, 1.40, -0.19)#(0.34156, 0.49427, -0.39830, 0.69310)
024324#(0.66, 1.41, -0.13)#(0.35655, 0.43200, -0.38271, 0.73470)
024325#(0.47, 1.40, -0.14)#(0.48820, 0.13732, -0.26075, 0.82147)
024326#(0.23, 1.39, -0.03)#(0.51087, 0.10076, -0.29079, 0.80268)
024327#(0.24, 1.40, -0.08)#(0.47667, 0.20881, -0.32532, 0.78953)
024328#(0.21, 1.40, -0.06)#(0.48181, 0.19207, -0.29461, 0.80260)
024329#(0.29, 1.43, -0.16)#(0.39821, 0.34016, -0.32155, 0.78887)
024330#(0.33, 1.44, -0.17)#(0.39543, 0.30687, -0.29309, 0.81460)
024331#(0.25, 1.39, -0.08)#(0.50909, 0.16229, -0.31795, 0.78320)
024332#(0.42, 1.37, 0.01)#(0.51105, 0.09247, -0.29635, 0.80153)
024333#(0.59, 1.36, 0.10)#(0.54940, 0.02157, -0.22694, 0.80386)
024334#(0.60, 1.37, 0.10)#(0.54160, 0.04491, -0.24324, 0.80342)
024335#(0.34, 1.37, 0.01)#(0.52303, 0.08297, -0.25021, 0.81053)
024336#(0.24, 1.39, -0.05)#(0.50789, 0.12624, -0.25006, 0.81461)
024337#(0.44, 1.39, 0.05)#(0.52980, 0.08176, -0.20090, 0.81992)
024338#(0.55, 1.38, 0.09)#(0.53996, -0.00548, -0.17390, 0.82351)
024339#(0.32, 1.37, 0.21)#(0.56946, -0.05027, -0.11365, 0.81257)
024340#(-0.06, 1.39, 0.34)#(0.55405, -0.22420, 0.04463, 0.80048)
024341#(-0.21, 1.37, 0.56)#(0.53940, -0.39993, 0.15354, 0.72493)
024342#(-0.32, 1.34, 0.54)#(0.56024, -0.39633, 0.19045, 0.70198)
024343#(-0.30, 1.36, 0.51)#(0.54060, -0.38330, 0.15738, 0.73216)
024344#(-0.27, 1.38, 0.52)#(0.52597, -0.35805, 0.13761, 0.75909)
024345#(-0.28, 1.38, 0.52)#(0.51837, -0.37269, 0.14773, 0.75536)
024346#(-0.28, 1.39, 0.48)#(0.47391, -0.48202, 0.20126, 0.70892)
024347#(-0.04, 1.41, 0.20)#(0.43852, -0.51414, 0.20476, 0.70811)
024348#(0.11, 1.47, 0.09)#(0.31069, -0.63852, 0.30778, 0.63327)
024349#(0.04, 1.44, -0.07)#(0.31416, -0.70412, 0.30330, 0.55993)
024350#(-0.14, 1.41, -0.31)#(0.35863, -0.68962, 0.27886, 0.56396)
024351#(-0.41, 1.35, -0.43)#(0.45511, -0.45235, 0.25554, 0.72316)
024352#(-0.50, 1.28, -0.48)#(0.52866, -0.29688, 0.24028, 0.75806)
024353#(-0.50, 1.29, -0.48)#(0.51919, -0.29688, 0.23383, 0.76657)
024354#(-0.44, 1.33, -0.50)#(0.48384, -0.32313, 0.20082, 0.78814)
024355#(-0.40, 1.37, -0.49)#(0.45796, -0.32437, 0.14532, 0.81482)
024356#(-0.31, 1.41, -0.47)#(0.42331, -0.29069, 0.08825, 0.85353)
024357#(-0.21, 1.41, -0.38)#(0.43339, -0.26691, 0.09302, 0.85573)
024358#(-0.08, 1.42, -0.34)#(0.42358, -0.22558, 0.01602, 0.87717)
024359#(-0.07, 1.42, -0.35)#(0.40901, -0.23275, -0.00247, 0.88234)
024400#(-0.07, 1.42, -0.35)#(0.41151, -0.23334, 0.00499, 0.88101)
024401#(0.17, 1.45, -0.26)#(0.34149, 0.07824, -0.10355, 0.93088)
024402#(0.11, 1.49, -0.17)#(0.24223, 0.23199, -0.13926, 0.93172)
024403#(0.28, 1.47, -0.13)#(0.28754, 0.23861, -0.14758, 0.91576)
024404#(0.27, 1.47, -0.15)#(0.27114, 0.26166, -0.17785, 0.90906)
024405#(0.30, 1.45, -0.03)#(0.31910, 0.16728, -0.11281, 0.92599)
024406#(0.18, 1.44, 0.20)#(0.34310, 0.22023, -0.15848, 0.89926)
024407#(0.29, 1.44, 0.45)#(0.34000, 0.22941, -0.14251, 0.90081)
024408#(0.28, 1.42, 0.45)#(0.32967, 0.39481, -0.23225, 0.82553)
024409#(0.32, 1.43, 0.41)#(0.28048, 0.46290, -0.28249, 0.79200)
024410#(0.34, 1.44, 0.39)#(0.27653, 0.48933, -0.28255, 0.77734)
024411#(0.35, 1.43, 0.40)#(0.28411, 0.47406, -0.27650, 0.78619)
024412#(0.35, 1.43, 0.40)#(0.28218, 0.47569, -0.28219, 0.78387)
024413#(0.35, 1.43, 0.41)#(0.29338, 0.46012, -0.27807, 0.79050)
024414#(0.34, 1.43, 0.41)#(0.29064, 0.46159, -0.27578, 0.79146)
024415#(0.33, 1.43, 0.42)#(0.30393, 0.44103, -0.26957, 0.80029)
024416#(0.33, 1.44, 0.42)#(0.30552, 0.43429, -0.26261, 0.80566)
024417#(0.32, 1.44, 0.41)#(0.30322, 0.43429, -0.25985, 0.80742)
024418#(0.32, 1.43, 0.44)#(0.32066, 0.40864, -0.25399, 0.81589)
024419#(0.31, 1.44, 0.43)#(0.31609, 0.41234, -0.25210, 0.81640)
024420#(0.31, 1.44, 0.43)#(0.31400, 0.40941, -0.25302, 0.81840)
024421#(0.31, 1.44, 0.44)#(0.31594, 0.40243, -0.25095, 0.82174)
024422#(0.31, 1.44, 0.45)#(0.31636, 0.39986, -0.24982, 0.82317)
024423#(0.30, 1.44, 0.46)#(0.31929, 0.39012, -0.24310, 0.82871)
024424#(0.29, 1.44, 0.46)#(0.31464, 0.39510, -0.24680, 0.82704)
024425#(0.31, 1.44, 0.49)#(0.34632, 0.32099, -0.20983, 0.85615)
024426#(0.33, 1.43, 0.50)#(0.36581, 0.28343, -0.19004, 0.86587)
024427#(0.32, 1.44, 0.50)#(0.35911, 0.27214, -0.18502, 0.87335)
024428#(0.32, 1.44, 0.49)#(0.35534, 0.27550, -0.18709, 0.87340)
024429#(0.22, 1.43, 0.52)#(0.37114, 0.02724, -0.09193, 0.92361)
024430#(-0.16, 1.46, 0.28)#(0.35015, -0.36692, 0.10446, 0.85549)
024431#(-0.19, 1.46, 0.24)#(0.34355, -0.38430, 0.13778, 0.84575)
024432#(-0.16, 1.46, 0.26)#(0.35001, -0.36754, 0.12517, 0.85249)
024433#(-0.15, 1.46, 0.27)#(0.35152, -0.38297, 0.12381, 0.84524)
024434#(-0.13, 1.44, 0.28)#(0.35812, -0.31841, 0.11381, 0.87030)
024435#(-0.01, 1.43, 0.39)#(0.38898, -0.17279, 0.06434, 0.90261)
024436#(-0.03, 1.40, 0.54)#(0.42727, -0.21721, 0.11068, 0.87064)
024437#(-0.27, 1.34, 0.51)#(0.48512, -0.15962, 0.14531, 0.84739)
024438#(-0.28, 1.35, 0.49)#(0.46856, -0.15362, 0.15301, 0.85641)
024439#(-0.20, 1.38, 0.49)#(0.43979, -0.11981, 0.10979, 0.88328)
024440#(-0.06, 1.40, 0.53)#(0.39820, -0.19711, 0.10342, 0.88988)
024441#(-0.07, 1.39, 0.52)#(0.41209, -0.14090, 0.04061, 0.89927)
024442#(-0.17, 1.37, 0.50)#(0.42682, -0.19000, 0.08224, 0.88032)
024443#(-0.19, 1.38, 0.49)#(0.41100, -0.22817, 0.11221, 0.87546)
024444#(-0.19, 1.39, 0.50)#(0.40604, -0.23279, 0.12131, 0.87534)
024445#(-0.18, 1.39, 0.50)#(0.40241, -0.22168, 0.11109, 0.88124)
024446#(0.02, 1.43, 0.34)#(0.36515, 0.10887, -0.04946, 0.92324)
024447#(0.32, 1.42, -0.14)#(0.27681, 0.62840, -0.27809, 0.67168)
024448#(0.53, 1.33, -0.12)#(-0.29396, -0.72003, 0.39531, -0.48875)
024449#(0.75, 1.12, -0.12)#(-0.38497, -0.66552, 0.49079, -0.40988)
024450#(0.78, 1.00, -0.13)#(-0.42302, -0.66118, 0.50856, -0.35393)
024451#(0.70, 1.30, -0.05)#(-0.31847, -0.74120, 0.40630, -0.42908)
024452#(0.65, 1.37, -0.03)#(-0.25890, -0.79479, 0.37459, -0.40120)
024453#(0.71, 1.39, 0.05)#(0.36077, 0.50075, -0.21007, 0.75826)
024454#(0.51, 1.41, 0.14)#(0.37356, 0.29937, -0.13393, 0.86769)
024455#(0.24, 1.40, 0.24)#(0.40225, 0.26175, -0.08211, 0.87346)
024456#(0.16, 1.41, 0.30)#(0.43025, 0.15746, -0.00179, 0.88887)
024457#(0.08, 1.40, 0.32)#(0.44200, 0.08571, 0.04824, 0.89161)
024458#(0.06, 1.40, 0.31)#(0.44165, 0.05107, 0.04726, 0.89449)
024459#(0.12, 1.42, 0.31)#(0.43426, 0.04809, 0.04036, 0.89860)
024500#(0.18, 1.43, 0.32)#(0.41743, 0.02733, 0.04363, 0.90725)
024501#(0.00, 1.43, 0.36)#(0.41291, -0.07207, 0.07637, 0.90470)
024502#(-0.23, 1.41, 0.54)#(0.40084, -0.39063, 0.16459, 0.81219)
024503#(-0.24, 1.39, 0.60)#(0.42167, -0.37598, 0.16377, 0.80871)
024504#(-0.24, 1.41, 0.55)#(0.41582, -0.32495, 0.14376, 0.83716)
024505#(-0.25, 1.41, 0.54)#(0.39039, -0.29827, 0.14838, 0.85826)
024506#(-0.24, 1.42, 0.53)#(0.37892, -0.30267, 0.14200, 0.86293)
024507#(-0.23, 1.42, 0.52)#(0.38305, -0.31123, 0.14550, 0.85746)
024508#(-0.24, 1.42, 0.53)#(0.37465, -0.33941, 0.14809, 0.85000)
024509#(-0.28, 1.42, 0.51)#(0.36151, -0.40766, 0.17391, 0.82029)
024510#(-0.26, 1.42, 0.52)#(0.36146, -0.37945, 0.16107, 0.83631)
024511#(-0.26, 1.41, 0.52)#(0.35761, -0.44046, 0.19185, 0.80082)
024512#(-0.22, 1.42, 0.41)#(0.33469, -0.54251, 0.20726, 0.74210)
024513#(-0.21, 1.42, 0.11)#(0.31239, -0.60181, 0.26008, 0.68746)
024514#(-0.20, 1.43, 0.12)#(0.31061, -0.57882, 0.23298, 0.71708)
024515#(-0.18, 1.43, 0.11)#(0.30320, -0.58237, 0.23014, 0.71830)
024516#(-0.20, 1.43, 0.07)#(0.29245, -0.62412, 0.25723, 0.67734)
024517#(-0.45, 1.41, -0.13)#(0.27353, -0.75161, 0.28523, 0.52811)
024518#(-0.33, 1.39, -0.27)#(0.35733, -0.51104, 0.23417, 0.74587)
024519#(-0.35, 1.39, -0.36)#(0.35677, -0.49014, 0.24743, 0.75581)
024520#(-0.31, 1.41, -0.35)#(0.34243, -0.49209, 0.20953, 0.77246)
024521#(-0.28, 1.41, -0.34)#(0.34035, -0.48539, 0.19684, 0.78091)
024522#(-0.12, 1.43, -0.27)#(0.37353, -0.28688, 0.10712, 0.87562)
024523#(0.27, 1.43, -0.33)#(0.37923, -0.00125, -0.01647, 0.92516)
024524#(0.37, 1.43, -0.39)#(0.34808, 0.14840, -0.11578, 0.91838)
024525#(0.37, 1.43, -0.39)#(0.34946, 0.12888, -0.11005, 0.92150)
024526#(0.34, 1.43, -0.38)#(0.35175, 0.11170, -0.10050, 0.92396)
024527#(0.13, 1.41, -0.30)#(0.40952, -0.18696, 0.05165, 0.89144)