120913#(-0.03, 1.33, 0.06)#(0.24108, 0.03559, -0.01460, 0.96974)
120914#(-0.03, 1.33, 0.08)#(0.24686, 0.03454, -0.01501, 0.96832)
120915#(-0.02, 1.33, 0.07)#(0.25490, 0.02651, -0.01765, 0.96644)
120916#(-0.01, 1.33, 0.06)#(0.25161, 0.03044, -0.03252, 0.96680)
120917#(-0.03, 1.34, 0.07)#(0.25088, 0.05837, -0.02931, 0.96581)
120918#(0.04, 1.33, 0.27)#(0.28918, -0.12597, -0.02362, 0.94866)
120919#(0.18, 1.41, 0.24)#(0.14440, 0.39935, -0.05101, 0.90392)
120920#(0.24, 1.50, 0.15)#(0.07168, 0.33935, 0.03724, 0.93719)
120921#(-0.01, 1.51, 0.22)#(0.07995, -0.08790, 0.08941, 0.98888)
120922#(-0.02, 1.49, 0.26)#(0.12199, -0.11384, 0.08590, 0.98223)
120923#(0.05, 1.48, 0.25)#(0.13288, -0.00660, 0.04404, 0.99013)
120924#(0.07, 1.38, 0.20)#(0.20532, 0.26279, -0.01437, 0.94265)
120925#(0.09, 1.41, -0.09)#(0.09819, 0.43914, -0.04851, 0.89172)
120926#(0.11, 1.39, 0.04)#(0.07261, 0.61079, -0.06813, 0.78551)
120927#(0.43, 1.41, -0.07)#(0.07062, 0.68019, -0.11344, 0.72075)
120928#(0.58, 1.44, 0.02)#(0.04470, 0.74135, 0.00797, 0.66959)
120929#(0.68, 1.45, -0.08)#(0.08688, 0.73130, 0.01686, 0.67629)
120930#(0.69, 1.42, -0.11)#(0.10746, 0.70379, -0.03439, 0.70139)
120931#(0.64, 1.42, -0.07)#(0.08393, 0.64661, -0.01991, 0.75793)
120932#(0.65, 1.41, -0.08)#(0.07416, 0.63753, -0.04327, 0.76562)
120933#(0.64, 1.41, -0.10)#(0.05476, 0.64861, -0.04535, 0.75779)
120934#(0.65, 1.40, -0.09)#(0.07280, 0.59588, -0.06486, 0.79713)
120935#(0.63, 1.41, -0.10)#(0.03979, 0.66042, -0.01394, 0.74971)
120936#(0.62, 1.41, -0.10)#(0.03184, 0.66870, -0.00335, 0.74284)
120937#(0.63, 1.41, -0.11)#(0.03688, 0.67276, -0.01827, 0.73872)
120938#(0.64, 1.41, -0.10)#(0.04605, 0.67618, -0.02013, 0.73502)
120939#(0.68, 1.42, -0.09)#(0.02909, 0.65978, 0.00141, 0.75089)
120940#(0.67, 1.42, -0.08)#(0.02862, 0.66044, -0.00637, 0.75031)
120941#(0.63, 1.41, -0.03)#(0.06260, 0.59539, 0.03587, 0.80019)
120942#(0.66, 1.40, -0.05)#(0.08481, 0.64239, 0.00473, 0.76165)
120943#(0.66, 1.42, -0.12)#(0.06428, 0.69906, -0.01486, 0.71201)
120944#(0.67, 1.40, -0.18)#(0.09478, 0.69813, -0.04676, 0.70813)
120945#(0.58, 1.39, -0.07)#(0.12565, 0.68436, 0.00965, 0.71817)
120946#(0.65, 1.39, -0.07)#(0.10790, 0.65109, 0.00695, 0.75126)
120947#(0.66, 1.39, -0.09)#(0.09347, 0.64109, 0.00402, 0.76174)
120948#(0.55, 1.40, -0.07)#(0.05828, 0.65515, 0.01958, 0.75299)
120949#(0.51, 1.40, -0.04)#(0.03227, 0.67394, 0.05359, 0.73614)
120950#(0.52, 1.39, -0.04)#(0.08445, 0.67066, 0.03991, 0.73586)
120951#(0.55, 1.39, -0.05)#(0.08033, 0.72366, 0.02061, 0.68515)
120952#(0.58, 1.38, -0.04)#(0.08977, 0.70986, -0.00022, 0.69860)
120953#(0.43, 1.37, -0.25)#(0.14704, 0.63634, -0.04298, 0.75604)
120954#(0.31, 1.35, -0.25)#(0.18752, 0.45924, -0.11782, 0.86027)
120955#(0.30, 1.34, -0.09)#(0.22624, 0.45673, -0.10004, 0.85452)
120956#(0.63, 1.19, 0.12)#(0.33837, 0.37223, -0.23593, 0.83144)
120957#(0.74, 0.93, 0.21)#(0.43063, 0.41274, -0.29554, 0.74623)
120958#(0.74, 0.92, 0.21)#(0.42335, 0.44127, -0.29417, 0.73452)
120959#(0.71, 0.93, 0.19)#(0.40459, 0.43512, -0.31077, 0.74189)
121000#(0.70, 0.92, 0.19)#(0.38973, 0.43187, -0.32792, 0.74436)
121001#(0.71, 0.90, 0.19)#(0.39344, 0.40241, -0.32622, 0.75950)
121002#(0.71, 0.90, 0.18)#(0.38858, 0.43066, -0.32987, 0.74480)
121003#(0.75, 0.87, 0.17)#(0.40490, 0.44592, -0.34308, 0.72077)
121004#(0.76, 0.88, 0.18)#(0.39966, 0.44572, -0.34240, 0.72414)
121005#(0.73, 0.89, 0.18)#(0.38771, 0.45059, -0.33136, 0.73270)
121006#(0.72, 0.90, 0.18)#(0.39175, 0.45596, -0.31266, 0.73544)
121007#(0.73, 0.90, 0.19)#(0.39787, 0.46052, -0.30566, 0.73225)
121008#(0.72, 0.91, 0.19)#(0.38013, 0.46694, -0.30648, 0.73725)
121009#(0.62, 1.22, 0.22)#(0.27005, 0.46433, -0.15531, 0.82907)
121010#(0.62, 1.28, 0.18)#(0.28603, 0.43458, -0.19808, 0.83072)
121011#(0.65, 1.27, 0.18)#(0.30801, 0.43044, -0.22062, 0.81925)
121012#(0.68, 1.28, 0.17)#(0.26280, 0.41384, -0.19573, 0.84933)
121013#(0.68, 1.30, 0.17)#(0.27105, 0.41604, -0.14571, 0.85569)
121014#(0.52, 1.29, 0.16)#(0.31804, 0.19098, -0.09536, 0.92373)
121015#(0.11, 1.29, -0.01)#(0.23960, -0.04514, -0.00903, 0.96978)
121016#(0.14, 1.29, -0.01)#(0.21895, 0.00930, -0.08068, 0.97235)
121017#(0.11, 1.29, 0.20)#(0.25053, -0.09890, -0.03506, 0.96241)
121018#(0.12, 1.31, 0.29)#(0.19259, -0.13283, -0.04855, 0.97103)
121019#(0.07, 1.31, 0.31)#(0.18976, -0.19121, -0.01062, 0.96297)
121020#(-0.17, 1.30, 0.53)#(0.16511, -0.02185, 0.02730, 0.98565)
121021#(0.18, 1.31, 0.32)#(0.15566, 0.27254, -0.07029, 0.94686)
121022#(0.32, 1.33, 0.50)#(0.13548, 0.20657, -0.00187, 0.96901)
121023#(0.38, 1.32, 0.47)#(0.14655, 0.04397, -0.02343, 0.98795)
121024#(0.39, 1.34, 0.44)#(0.07519, 0.06542, -0.03582, 0.99438)
121025#(0.41, 1.34, 0.42)#(0.07361, 0.05709, 0.00846, 0.99562)
121026#(0.43, 1.33, 0.41)#(0.08054, 0.10039, -0.00915, 0.99164)
121027#(0.43, 1.33, 0.43)#(0.10131, 0.03890, -0.02805, 0.99370)
121028#(0.42, 1.34, 0.43)#(0.05431, -0.01804, -0.00983, 0.99831)
121029#(0.43, 1.33, 0.43)#(0.07691, 0.03829, -0.02488, 0.99599)
121030#(0.44, 1.33, 0.45)#(0.09789, 0.04927, -0.05350, 0.99254)
121031#(0.40, 1.32, 0.46)#(0.10109, 0.04804, -0.02853, 0.99331)
121032#(0.22, 1.31, 0.50)#(0.08649, 0.22477, -0.01100, 0.97050)
121033#(0.20, 1.28, 0.53)#(0.12808, 0.18650, 0.00320, 0.97407)
121034#(0.18, 1.29, 0.53)#(0.11999, 0.13452, -0.00731, 0.98359)
121035#(0.16, 1.28, 0.54)#(0.13789, 0.09691, -0.00449, 0.98569)
121036#(0.17, 1.28, 0.54)#(0.14337, 0.10303, -0.00739, 0.98426)
121037#(0.16, 1.28, 0.54)#(0.15432, 0.08117, -0.01002, 0.98463)
121038#(0.15, 1.28, 0.53)#(0.14648, 0.05868, 0.00178, 0.98747)
121039#(0.15, 1.26, 0.51)#(0.22757, 0.09577, 0.01288, 0.96895)
121040#(0.15, 1.31, 0.24)#(0.19547, 0.13797, -0.01666, 0.97081)
121041#(0.12, 1.31, 0.19)#(0.17557, 0.12536, -0.01789, 0.97629)
121042#(0.06, 1.31, 0.21)#(0.14629, -0.04191, 0.00035, 0.98835)
121043#(-0.06, 1.28, 0.40)#(0.14465, -0.02469, 0.01553, 0.98905)
121044#(-0.03, 1.29, 0.45)#(0.18879, 0.02925, 0.02717, 0.98120)
121045#(-0.04, 1.29, 0.46)#(0.17940, 0.03648, 0.00432, 0.98309)
121046#(0.09, 1.30, 0.65)#(0.18494, -0.02062, -0.03061, 0.98206)
121047#(0.10, 1.30, 0.67)#(0.17886, 0.01471, -0.01947, 0.98357)
121048#(0.10, 1.28, 0.69)#(0.27011, 0.00432, -0.01707, 0.96267)
121049#(0.11, 1.26, 0.72)#(0.39193, -0.00619, -0.03468, 0.91932)
121050#(0.08, 1.30, 0.50)#(0.38938, 0.29751, -0.10910, 0.86485)
121051#(-0.03, 1.28, 0.50)#(0.37981, 0.11497, -0.01773, 0.91772)
121052#(0.06, 1.30, 0.63)#(0.29203, -0.02203, 0.00413, 0.95615)
121053#(0.06, 1.29, 0.67)#(0.29832, -0.02113, 0.01177, 0.95416)
121054#(0.06, 1.30, 0.66)#(0.28905, -0.00539, 0.02491, 0.95698)
121055#(0.08, 1.30, 0.64)#(0.30801, 0.04259, 0.01931, 0.95023)
121056#(0.08, 1.29, 0.63)#(0.30494, 0.01111, 0.02094, 0.95208)
121057#(0.07, 1.32, 0.61)#(0.21667, -0.01735, 0.01895, 0.97591)
121058#(-0.03, 1.33, 0.48)#(0.19911, -0.10051, 0.05373, 0.97333)
121059#(-0.16, 1.31, 0.30)#(0.23619, -0.05103, 0.05728, 0.96867)
121100#(-0.17, 1.31, 0.30)#(0.23268, -0.06118, 0.06333, 0.96856)
121101#(-0.15, 1.30, 0.32)#(0.25685, -0.07256, 0.04824, 0.96252)
121102#(-0.11, 1.30, 0.53)#(0.17903, -0.10877, 0.02239, 0.97756)
121103#(-0.25, 1.29, 0.66)#(0.15104, -0.03558, 0.05781, 0.98619)
121104#(-0.25, 1.25, 0.69)#(0.14137, -0.06904, 0.06530, 0.98538)
121105#(-0.23, 1.25, 0.68)#(0.14390, -0.01757, 0.03918, 0.98866)
121106#(-0.17, 1.22, 0.69)#(0.17224, 0.08406, -0.02537, 0.98113)
121107#(-0.16, 1.21, 0.70)#(0.18622, 0.09241, -0.03578, 0.97750)
121108#(-0.16, 1.21, 0.73)#(0.20962, 0.06084, -0.02896, 0.97546)
121109#(-0.20, 1.16, 0.74)#(0.27020, -0.01784, -0.00208, 0.96264)
121110#(-0.21, 1.14, 0.75)#(0.27369, -0.02509, -0.00360, 0.96148)
121111#(-0.22, 1.13, 0.77)#(0.27062, -0.04840, -0.00567, 0.96145)
121112#(-0.22, 1.28, 0.70)#(0.17650, -0.09358, 0.05209, 0.97846)
121113#(-0.18, 1.33, 0.70)#(0.14445, -0.06916, 0.03283, 0.98655)
121114#(-0.18, 1.39, 0.73)#(0.12193, -0.14528, 0.06369, 0.97978)
121115#(-0.10, 1.35, 0.70)#(0.18460, -0.04910, 0.03519, 0.98096)
121116#(-0.09, 1.49, 0.84)#(0.00019, -0.05616, -0.00677, 0.99840)
121117#(-0.12, 1.53, 1.04)#(0.03881, -0.12557, -0.02804, 0.99093)
121118#(-0.21, 1.57, 1.13)#(0.06042, -0.10286, 0.01048, 0.99280)
121119#(-0.17, 1.47, 0.84)#(0.04753, 0.00533, 0.04151, 0.99799)
121120#(-0.11, 1.36, 0.73)#(0.13217, -0.10110, 0.00779, 0.98603)
121121#(-0.35, 1.28, 0.89)#(0.06634, -0.16174, 0.03474, 0.98399)
121122#(-0.35, 1.26, 0.92)#(0.10165, -0.07784, 0.03965, 0.99098)
121123#(-0.50, 1.18, 0.93)#(0.14756, -0.04106, 0.16942, 0.97357)
121124#(-0.41, 1.18, 0.89)#(0.27092, -0.04370, 0.13840, 0.95160)
121125#(-0.32, 1.24, 0.49)#(0.41163, -0.43874, 0.20186, 0.77286)
121126#(-0.52, 1.22, 0.44)#(0.38175, -0.30934, 0.13534, 0.86038)
121127#(-0.50, 1.26, 0.44)#(0.30586, -0.34257, 0.09196, 0.88354)
121128#(-0.31, 1.29, 0.28)#(0.28384, -0.49832, 0.22591, 0.78745)
121129#(-0.19, 1.27, 0.22)#(0.28000, -0.51287, 0.21489, 0.78255)
121130#(-0.25, 1.26, 0.18)#(0.24990, -0.60724, 0.20949, 0.72452)
121131#(-0.48, 1.29, 0.22)#(0.18283, -0.74053, 0.20006, 0.61495)
121132#(-0.49, 1.29, 0.29)#(0.20842, -0.77287, 0.20489, 0.56326)
121133#(-0.49, 1.28, 0.30)#(0.22915, -0.76593, 0.20493, 0.56465)
121134#(-0.48, 1.28, 0.29)#(0.20734, -0.76733, 0.21296, 0.56822)
121135#(-0.47, 1.25, 0.33)#(0.26331, -0.70472, 0.25289, 0.60835)
121136#(-0.45, 1.24, 0.37)#(0.30274, -0.66477, 0.21008, 0.64985)
121137#(-0.45, 1.24, 0.39)#(0.32748, -0.67503, 0.15467, 0.64279)
121138#(-0.45, 1.23, 0.39)#(0.36778, -0.65051, 0.13024, 0.65162)
121139#(-0.32, 1.24, -0.16)#(0.18753, -0.83635, 0.25128, 0.44967)
121140#(-0.55, 1.17, -0.40)#(0.33084, -0.77152, 0.30882, 0.44714)
121141#(-0.59, 1.04, -0.63)#(0.31968, -0.72743, 0.31903, 0.51660)
121142#(-0.57, 1.05, -0.66)#(0.28761, -0.75444, 0.34670, 0.47739)
121143#(-0.56, 1.23, -0.55)#(0.22459, -0.61634, 0.18853, 0.73085)
121144#(-0.57, 1.28, -0.56)#(0.15609, -0.71905, 0.16569, 0.65662)
121145#(-0.55, 1.31, -0.38)#(0.13686, -0.76669, 0.17517, 0.60230)
121146#(-0.34, 1.31, -0.17)#(0.08292, -0.88980, 0.18921, 0.40692)
121147#(-0.65, 1.29, 0.25)#(0.19010, -0.79505, 0.14346, 0.55783)
121148#(-0.60, 1.31, 0.28)#(0.17346, -0.78772, 0.17013, 0.56610)
121149#(-0.59, 1.30, 0.28)#(0.18010, -0.80262, 0.17400, 0.54138)
121150#(-0.58, 1.29, 0.29)#(0.20986, -0.77788, 0.18204, 0.56367)
121151#(-0.45, 1.29, 0.14)#(0.20253, -0.53452, 0.17031, 0.80266)
121152#(-0.09, 1.26, -0.04)#(0.31304, -0.29303, 0.04988, 0.90203)
121153#(-0.06, 1.25, -0.28)#(0.35099, 0.06453, -0.08495, 0.93028)
121154#(0.03, 1.30, -0.39)#(0.27229, 0.32763, -0.10417, 0.89870)
121155#(0.22, 1.37, -0.68)#(0.20197, 0.57408, -0.15034, 0.77913)
121156#(0.11, 1.38, -0.80)#(0.21816, 0.41483, -0.12613, 0.87431)
121157#(0.18, 1.30, -0.88)#(0.24904, 0.53518, -0.22950, 0.77388)
121158#(0.48, 1.26, -0.83)#(0.30060, 0.55384, -0.26606, 0.72946)
121159#(0.42, 1.28, -0.80)#(0.27819, 0.47513, -0.21546, 0.80650)
121200#(0.41, 1.27, -0.77)#(0.31206, 0.44480, -0.19628, 0.81624)
121201#(0.41, 1.27, -0.79)#(0.29859, 0.47673, -0.21078, 0.79947)
121202#(0.38, 1.25, -0.77)#(0.31558, 0.60933, -0.25822, 0.68004)
121203#(0.46, 1.14, -0.84)#(-0.02286, -0.80106, 0.49176, -0.34053)
121204#(0.44, 1.00, -0.75)#(0.06322, -0.82474, 0.53704, -0.16552)
121205#(0.46, 0.98, -0.73)#(0.04477, -0.83113, 0.54508, -0.10059)
121206#(0.47, 0.96, -0.73)#(0.03302, -0.82422, 0.55230, -0.12058)
121207#(0.55, 0.97, -0.72)#(-0.04775, -0.81512, 0.52928, -0.23058)
121208#(0.51, 0.98, -0.73)#(-0.01739, -0.83603, 0.51988, -0.17459)
121209#(0.52, 0.98, -0.74)#(-0.04228, -0.82787, 0.51794, -0.21115)
121210#(0.51, 0.95, -0.76)#(-0.03285, -0.80589, 0.53356, -0.25449)
121211#(0.50, 1.02, -0.86)#(-0.02614, -0.78452, 0.52015, -0.33659)
121212#(0.50, 1.10, -0.83)#(-0.02205, -0.78005, 0.54895, -0.29950)
121213#(0.54, 1.15, -0.75)#(-0.02594, -0.83380, 0.47775, -0.27542)
121214#(0.57, 1.14, -0.75)#(-0.05113, -0.81445, 0.48870, -0.30860)
121215#(0.59, 1.00, -0.74)#(-0.04074, -0.79224, 0.50163, -0.34505)
121216#(0.58, 0.98, -0.74)#(-0.07179, -0.79648, 0.51166, -0.31411)
121217#(0.55, 1.12, -0.72)#(-0.05557, -0.82873, 0.46996, -0.29877)
121218#(0.50, 1.18, -0.76)#(-0.26005, -0.72920, 0.39414, -0.49528)
121219#(0.44, 1.22, -0.76)#(0.31787, 0.60603, -0.31656, 0.65687)
121220#(0.10, 1.26, -0.66)#(0.48109, 0.52856, -0.17160, 0.67803)
121221#(0.04, 1.28, -0.70)#(0.42969, 0.56455, -0.15398, 0.68770)
121222#(0.04, 1.26, -0.68)#(0.44260, 0.49957, -0.12759, 0.73365)
121223#(0.18, 1.30, -0.58)#(0.40252, 0.28516, -0.04142, 0.86888)
121224#(0.15, 1.31, -0.24)#(0.29494, 0.19459, 0.02064, 0.93526)
121225#(0.16, 1.33, 0.10)#(0.25063, 0.02279, 0.00662, 0.96779)
121226#(0.16, 1.28, 0.22)#(0.32611, -0.01520, -0.01350, 0.94511)
121227#(0.16, 1.26, 0.29)#(0.36850, -0.04990, -0.01990, 0.92807)
121228#(-0.05, 1.23, 0.58)#(0.34842, 0.10920, -0.07737, 0.92774)
121229#(-0.06, 1.18, 0.72)#(0.35520, 0.34677, -0.16652, 0.85197)
121230#(-0.08, 1.17, 0.75)#(0.38000, 0.39809, -0.17744, 0.81587)
121231#(-0.08, 1.17, 0.76)#(0.38241, 0.38854, -0.16950, 0.82102)
121232#(-0.23, 1.12, 0.87)#(0.52862, -0.12606, 0.05748, 0.83748)
121233#(-0.19, 1.17, 0.83)#(0.42076, -0.07753, 0.03024, 0.90335)
121234#(-0.09, 1.17, 0.79)#(0.41436, 0.18659, -0.11349, 0.88352)
121235#(-0.09, 1.16, 0.81)#(0.35532, 0.20432, -0.17480, 0.89523)
121236#(-0.07, 1.14, 0.87)#(0.42968, 0.12867, -0.12146, 0.88547)
121237#(-0.24, 1.13, 0.84)#(0.38854, 0.02928, -0.04345, 0.91994)
121238#(-0.27, 1.15, 0.83)#(0.33997, 0.02243, -0.04376, 0.93915)
121239#(-0.26, 1.14, 0.83)#(0.36202, 0.02521, -0.04470, 0.93076)
121240#(-0.25, 1.15, 0.82)#(0.34191, 0.02261, -0.05833, 0.93765)
121241#(-0.24, 1.17, 0.80)#(0.31186, 0.04531, -0.07247, 0.94627)
121242#(-0.26, 1.17, 0.83)#(0.44936, 0.02111, -0.06897, 0.89043)
121243#(-0.20, 1.21, 0.68)#(0.33355, 0.08017, -0.08114, 0.93580)
121244#(-0.03, 1.27, 0.37)#(0.15191, 0.38528, -0.20407, 0.88704)
121245#(-0.05, 1.31, 0.37)#(0.14163, 0.40705, -0.10142, 0.89664)
121246#(-0.05, 1.30, 0.38)#(0.14633, 0.37593, -0.08952, 0.91063)
121247#(0.11, 1.29, 0.34)#(0.18976, 0.49556, -0.12769, 0.83792)
121248#(0.47, 1.28, 0.29)#(0.16406, 0.67977, -0.04638, 0.71334)
121249#(0.58, 1.29, 0.08)#(0.22073, 0.44375, -0.03110, 0.86798)
121250#(0.59, 1.32, -0.01)#(0.15668, 0.59761, -0.05889, 0.78412)
121251#(0.61, 1.31, 0.00)#(0.13584, 0.52835, -0.07672, 0.83457)
121252#(0.42, 1.29, -0.03)#(0.23855, 0.17060, -0.03417, 0.95542)
121253#(0.02, 1.26, -0.25)#(0.28077, -0.07755, 0.07148, 0.95396)
121254#(0.24, 1.29, 0.01)#(0.26654, 0.01291, 0.02920, 0.96329)
121255#(0.12, 1.25, 0.54)#(0.28194, -0.04229, 0.01699, 0.95835)
121256#(0.15, 1.26, 0.79)#(0.25055, 0.02891, -0.03054, 0.96719)
121257#(0.08, 1.25, 0.75)#(0.26094, 0.15566, -0.04315, 0.95175)
121258#(0.06, 1.25, 0.47)#(0.23542, 0.23596, -0.07722, 0.93965)
121259#(0.05, 1.26, 0.40)#(0.21245, 0.22016, -0.07413, 0.94916)
121300#(0.08, 1.24, 0.58)#(0.26567, 0.16603, -0.05334, 0.94816)
121301#(0.10, 1.25, 0.83)#(0.29426, 0.07297, -0.04295, 0.95197)
121302#(0.15, 1.24, 0.79)#(0.30931, 0.21517, -0.06501, 0.92401)
121303#(0.03, 1.25, 0.71)#(0.27864, 0.17016, -0.03151, 0.94468)
121304#(0.15, 1.24, 0.35)#(0.22471, 0.21595, -0.14428, 0.93918)
121305#(0.14, 1.27, 0.31)#(0.26594, 0.26004, -0.10587, 0.92220)
121306#(0.16, 1.26, 0.29)#(0.25482, 0.24508, -0.14076, 0.92477)
121307#(0.12, 1.26, 0.27)#(0.32690, 0.16658, -0.08213, 0.92663)
121308#(-0.05, 1.22, -0.03)#(0.38245, 0.04746, 0.04927, 0.92144)
121309#(0.11, 1.24, -0.14)#(0.33965, -0.02798, 0.03497, 0.93948)
121310#(0.09, 1.26, -0.19)#(0.29829, -0.22824, 0.08871, 0.92253)
121311#(0.08, 1.25, -0.25)#(0.30241, -0.23328, 0.07233, 0.92136)
121312#(0.10, 1.29, -0.25)#(0.23851, -0.16624, 0.03607, 0.95613)
121313#(0.19, 1.29, -0.24)#(0.23807, -0.02683, -0.01375, 0.97078)
121314#(0.01, 1.28, -0.30)#(0.23853, 0.06550, -0.05935, 0.96710)
121315#(-0.13, 1.25, -0.35)#(0.24313, 0.24550, -0.06090, 0.93643)
121316#(-0.07, 1.30, -0.40)#(0.17897, 0.55820, -0.10655, 0.80314)
121317#(-0.08, 1.37, -0.49)#(-0.12199, -0.84032, 0.09210, -0.52009)
121318#(-0.08, 1.36, -0.46)#(0.18227, 0.71777, -0.06554, 0.66879)
121319#(-0.08, 1.32, -0.26)#(0.21401, -0.14506, 0.05705, 0.96431)
121320#(0.07, 1.28, -0.17)#(0.23192, -0.14569, 0.04493, 0.96071)
121321#(0.06, 1.29, 0.34)#(0.19650, -0.15107, 0.03695, 0.96809)
121322#(0.07, 1.29, 0.79)#(0.19953, -0.22780, 0.04961, 0.95175)
121323#(0.09, 1.24, 0.99)#(0.25985, -0.01316, -0.00700, 0.96553)
121324#(0.15, 1.26, 0.88)#(0.26222, -0.03943, -0.01363, 0.96411)
121325#(-0.11, 1.23, 0.59)#(0.21550, -0.20176, -0.01985, 0.95523)
121326#(0.02, 1.24, 0.26)#(0.34993, -0.09790, 0.04831, 0.93039)
121327#(-0.01, 1.27, 0.16)#(0.31664, -0.11203, 0.05036, 0.94056)
121328#(-0.20, 1.23, -0.11)#(0.36212, -0.11441, 0.06476, 0.92282)
121329#(-0.21, 1.26, -0.16)#(0.25173, -0.08598, 0.06565, 0.96173)
121330#(-0.08, 1.28, 0.01)#(0.24758, -0.09324, 0.02168, 0.96413)
121331#(-0.29, 1.23, 0.43)#(0.30179, -0.12380, 0.03469, 0.94466)
121332#(-0.57, 1.18, 0.92)#(0.20920, -0.04149, 0.19102, 0.95814)
121333#(-0.54, 1.12, 1.02)#(0.29846, 0.05706, 0.17774, 0.93599)
121334#(-0.46, 1.30, 0.99)#(0.26416, 0.03100, 0.10486, 0.95826)
121335#(-0.42, 1.30, 0.98)#(0.27906, 0.09500, 0.08954, 0.95136)
121336#(-0.10, 1.30, 0.86)#(0.21109, -0.02287, 0.04333, 0.97624)
121337#(0.13, 1.28, 0.84)#(0.27339, -0.13373, 0.00494, 0.95255)
121338#(0.11, 1.29, 0.82)#(0.26863, -0.12198, 0.03117, 0.95498)
121339#(0.08, 1.30, 0.74)#(0.25801, -0.15104, 0.02879, 0.95383)
121340#(-0.16, 1.28, 0.33)#(0.25007, -0.05220, 0.09368, 0.96227)
121341#(-0.01, 1.26, -0.02)#(0.25915, 0.08925, -0.01477, 0.96159)
121342#(-0.07, 1.29, -0.09)#(0.19478, 0.02387, 0.00671, 0.98053)
121343#(-0.05, 1.30, -0.12)#(0.20478, 0.12956, -0.00968, 0.97015)
121344#(-0.02, 1.30, -0.11)#(0.21899, 0.17425, -0.03268, 0.95948)
121345#(0.06, 1.32, -0.12)#(0.24554, 0.32684, -0.04128, 0.91169)
121346#(0.13, 1.29, 0.18)#(0.30004, 0.37439, -0.01222, 0.87730)
121347#(0.28, 1.31, 0.54)#(0.27218, 0.18383, 0.03602, 0.94384)
121348#(0.09, 1.24, 0.84)#(0.28299, 0.15035, 0.07429, 0.94435)
121349#(0.03, 1.24, 0.95)#(0.27580, 0.01706, 0.06555, 0.95882)
121350#(0.11, 1.28, 0.82)#(0.22518, 0.17539, -0.02112, 0.95817)
121351#(0.14, 1.30, 0.34)#(0.19972, 0.19613, -0.10199, 0.95459)
121352#(-0.07, 1.28, 0.03)#(0.28651, 0.18489, 0.01869, 0.93988)
121353#(0.12, 1.28, -0.15)#(0.23907, 0.23030, -0.01997, 0.94309)
121354#(0.17, 1.27, -0.18)#(0.24613, 0.25796, -0.08185, 0.93069)
121355#(0.17, 1.27, -0.17)#(0.25037, 0.25182, -0.07910, 0.93147)
121356#(0.09, 1.27, -0.14)#(0.29447, 0.09552, 0.00895, 0.95083)
121357#(0.06, 1.28, -0.15)#(0.27470, 0.02857, 0.02303, 0.96083)
121358#(0.11, 1.28, -0.17)#(0.25714, 0.15916, -0.04564, 0.95208)
121359#(0.09, 1.28, -0.16)#(0.27781, 0.11201, -0.02195, 0.95383)
121400#(0.09, 1.31, -0.20)#(0.16236, 0.07669, -0.00322, 0.98374)
121401#(-0.01, 1.28, -0.14)#(0.19295, -0.12647, 0.05332, 0.97156)
121402#(-0.22, 1.27, -0.01)#(0.16279, -0.18699, 0.07292, 0.96603)
121403#(-0.20, 1.28, 0.02)#(0.15596, 0.02169, 0.03409, 0.98694)
121404#(-0.22, 1.27, 0.34)#(0.20503, -0.04467, -0.00201, 0.97773)
121405#(-0.19, 1.26, 0.60)#(0.15822, 0.15518, -0.02825, 0.97472)
121406#(-0.14, 1.24, 0.67)#(0.24436, 0.43079, -0.03087, 0.86819)
121407#(0.08, 1.28, 0.35)#(0.20036, 0.48251, -0.08140, 0.84877)
121408#(0.08, 1.29, 0.26)#(0.13870, 0.61205, -0.08191, 0.77424)
121409#(0.11, 1.28, 0.22)#(0.20438, 0.60497, -0.12759, 0.75892)
121410#(-0.08, 1.31, -0.04)#(0.09736, 0.20807, 0.02039, 0.97304)
121411#(-0.01, 1.30, -0.35)#(0.06398, 0.14522, -0.00136, 0.98733)
121412#(-0.09, 1.31, -0.59)#(0.09804, 0.04043, 0.01949, 0.99417)
121413#(-0.22, 1.31, -0.73)#(0.10132, 0.02365, 0.04549, 0.99353)
121414#(-0.21, 1.31, -0.77)#(0.07928, 0.05895, 0.04027, 0.99429)
121415#(-0.20, 1.31, -0.77)#(0.10268, 0.05018, 0.05374, 0.99199)
121416#(-0.19, 1.31, -0.75)#(0.10897, 0.10693, 0.03238, 0.98775)
121417#(-0.20, 1.31, -0.75)#(0.09876, 0.12352, 0.03014, 0.98696)
121418#(-0.20, 1.31, -0.76)#(0.09889, 0.14246, 0.03335, 0.98428)
121419#(-0.18, 1.31, -0.76)#(0.10374, 0.19805, 0.02585, 0.97434)
121420#(-0.18, 1.31, -0.76)#(0.10978, 0.18284, 0.03937, 0.97620)
121421#(-0.18, 1.31, -0.75)#(0.12430, 0.19716, 0.03692, 0.97176)
121422#(-0.12, 1.31, -0.80)#(0.18077, 0.48026, -0.01897, 0.85809)
121423#(0.02, 1.34, -1.10)#(0.11892, 0.71975, -0.10568, 0.67576)
121424#(0.02, 1.34, -1.03)#(0.15082, 0.59050, -0.11253, 0.78479)
121425#(-0.06, 1.37, -0.91)#(0.10856, 0.28313, -0.03574, 0.95225)
121426#(-0.08, 1.32, -0.80)#(0.14266, 0.28217, -0.02629, 0.94833)
121427#(0.08, 1.31, -0.70)#(0.11005, 0.28752, -0.02512, 0.95110)
121428#(0.17, 1.29, -0.56)#(0.11026, -0.06330, -0.02896, 0.99146)
121429#(0.02, 1.27, -0.34)#(0.14874, -0.10679, 0.04933, 0.98185)
121430#(-0.22, 1.27, 0.08)#(0.15892, -0.40131, 0.05759, 0.90021)
121431#(-0.53, 1.26, 0.29)#(0.12494, -0.51806, 0.11012, 0.83897)
121432#(-0.53, 1.27, 0.30)#(0.11376, -0.61350, 0.13738, 0.76928)
121433#(-0.52, 1.27, 0.31)#(0.10572, -0.58945, 0.13416, 0.78954)
121434#(-0.46, 1.26, 0.37)#(0.15101, -0.65853, 0.17465, 0.71626)
121435#(-0.20, 1.25, 0.22)#(0.15997, -0.66538, 0.21002, 0.69827)
121436#(-0.15, 1.28, 0.31)#(0.15324, -0.52994, 0.15252, 0.82001)
121437#(-0.10, 1.28, 0.31)#(0.15006, -0.39315, 0.12785, 0.89809)
121438#(-0.13, 1.26, 0.32)#(0.17955, -0.39108, 0.12844, 0.89349)
121439#(-0.13, 1.27, 0.30)#(0.15706, -0.41217, 0.14118, 0.88630)
121440#(0.03, 1.28, 0.31)#(0.20294, -0.28967, 0.14666, 0.92379)
121441#(0.19, 1.27, 0.30)#(0.26661, -0.17207, 0.10571, 0.94241)
121442#(0.28, 1.27, 0.29)#(0.20959, -0.02214, 0.03408, 0.97695)
121443#(0.15, 1.25, 0.03)#(0.22756, 0.13911, 0.03031, 0.96330)
121444#(0.13, 1.23, -0.40)#(0.22772, 0.44221, -0.09831, 0.86193)
121445#(0.04, 1.27, -0.49)#(0.15632, 0.47953, -0.05355, 0.86183)
121446#(0.07, 1.27, -0.52)#(0.16071, 0.47249, -0.05212, 0.86499)
121447#(0.07, 1.27, -0.50)#(0.15732, 0.45581, -0.06957, 0.87330)
121448#(0.08, 1.28, -0.52)#(0.14564, 0.45806, -0.07735, 0.87349)
121449#(0.08, 1.27, -0.50)#(0.18173, 0.34507, -0.07044, 0.91812)
121450#(-0.03, 1.27, -0.33)#(0.12767, 0.28095, -0.03870, 0.95041)
121451#(0.23, 0.91, 0.10)#(0.37790, 0.25846, -0.39928, 0.79433)
121452#(0.29, 0.59, 0.33)#(0.25551, 0.16413, -0.63169, 0.71327)
121453#(0.29, 0.60, 0.35)#(0.17539, 0.10697, -0.60726, 0.76748)
121454#(0.25, 0.63, 0.33)#(0.06796, -0.06347, 0.07182, 0.99307)
121455#(0.27, 1.17, 0.29)#(0.22046, -0.01042, 0.61090, 0.76032)
121456#(0.19, 1.28, 0.18)#(0.13679, 0.41709, -0.06228, 0.89635)
121457#(0.17, 1.27, 0.14)#(0.11944, 0.45943, -0.08751, 0.87578)
121458#(0.41, 1.15, 0.23)#(0.26603, 0.41325, -0.22591, 0.84108)
121459#(0.73, 0.85, 0.30)#(0.30809, 0.42845, -0.43545, 0.72931)
121500#(0.77, 0.82, 0.23)#(0.31168, 0.51032, -0.46694, 0.65146)
121501#(0.79, 0.81, 0.28)#(0.35309, 0.48587, -0.45296, 0.65885)
121502#(0.77, 0.81, 0.30)#(0.36051, 0.48371, -0.43402, 0.66910)
121503#(0.73, 0.86, 0.30)#(0.33020, 0.52657, -0.40047, 0.67329)
121504#(0.74, 0.82, 0.26)#(0.36013, 0.54828, -0.43253, 0.61856)
121505#(0.75, 0.82, 0.26)#(0.37132, 0.55755, -0.43564, 0.60123)
121506#(0.75, 1.06, 0.26)#(0.28538, 0.65376, -0.31887, 0.62408)
121507#(0.79, 0.82, 0.22)#(0.44766, 0.58230, -0.44561, 0.51182)
121508#(0.83, 0.79, 0.21)#(0.47033, 0.55966, -0.44237, 0.51950)
121509#(0.80, 0.73, 0.18)#(0.45879, 0.55649, -0.50899, 0.46986)
121510#(0.79, 0.82, 0.18)#(0.39982, 0.63998, -0.45188, 0.47579)
121511#(0.75, 1.14, 0.22)#(0.35533, 0.66197, -0.36042, 0.55284)
121512#(0.68, 1.28, 0.15)#(-0.15226, -0.80151, 0.17578, -0.55091)
121513#(0.44, 1.27, 0.16)#(0.18362, 0.50186, -0.15656, 0.83061)
121514#(0.37, 1.31, 0.04)#(0.23575, 0.42161, -0.05120, 0.87410)
121515#(0.59, 1.33, -0.06)#(0.19234, 0.46026, -0.08751, 0.86227)
121516#(0.59, 1.37, -0.14)#(0.11012, 0.52823, -0.01572, 0.84178)
121517#(0.60, 1.35, -0.16)#(0.17383, 0.59644, -0.01618, 0.78344)
121518#(0.26, 1.33, 0.06)#(0.23792, 0.13223, 0.11615, 0.95521)
121519#(-0.04, 1.30, 0.41)#(0.30557, -0.07223, 0.15023, 0.93746)
121520#(-0.23, 1.23, 0.78)#(0.31333, 0.06293, 0.08158, 0.94404)
121521#(-0.23, 1.13, 0.83)#(0.30377, 0.06775, 0.05339, 0.94883)
121522#(-0.24, 1.14, 0.82)#(0.27308, 0.08780, 0.06154, 0.95600)
121523#(-0.25, 1.14, 0.85)#(0.26393, 0.05916, 0.04476, 0.96168)
121524#(-0.22, 1.17, 0.83)#(0.24958, 0.13587, 0.03820, 0.95801)
121525#(-0.24, 1.25, 0.91)#(0.20349, 0.12978, 0.05984, 0.96859)
121526#(-0.26, 1.29, 0.86)#(0.19970, 0.10082, 0.07242, 0.97196)
121527#(-0.30, 1.29, 0.84)#(0.18416, 0.06622, 0.09948, 0.97561)
121528#(-0.23, 1.27, 0.82)#(0.21704, 0.10368, 0.01726, 0.97049)
121529#(-0.17, 1.26, 0.81)#(0.23926, 0.11493, 0.02793, 0.96372)
121530#(0.10, 1.29, 0.77)#(0.20895, -0.07772, 0.02700, 0.97446)
121531#(0.10, 1.29, 0.75)#(0.20330, -0.13740, 0.05306, 0.96797)
121532#(0.21, 1.28, 0.52)#(0.22722, 0.23174, -0.08247, 0.94227)
121533#(0.56, 1.23, 0.30)#(0.33271, 0.42967, -0.20422, 0.81424)
121534#(0.67, 1.21, 0.22)#(0.31341, 0.45057, -0.26737, 0.79200)
121535#(0.56, 1.29, 0.24)#(0.21822, 0.23290, -0.00475, 0.94769)
121536#(0.38, 1.28, 0.11)#(0.19611, 0.07742, 0.02601, 0.97717)
121537#(0.12, 1.24, -0.09)#(0.21453, -0.25777, 0.10814, 0.93586)
121538#(0.02, 1.24, -0.18)#(0.17713, -0.52194, 0.17629, 0.81555)
121539#(0.03, 1.24, -0.15)#(0.19926, -0.43016, 0.14910, 0.86777)
121540#(0.14, 1.24, -0.10)#(0.30100, -0.08889, 0.12793, 0.94081)
121541#(0.20, 1.24, -0.20)#(0.39827, -0.09213, 0.10385, 0.90670)